time	velocity	number_of_branches
2014.62966720276	39.7413243715591	0.044
2014.64240968187	39.8201722784036	0.048
2014.65515216098	39.8001358822899	0.048
2014.66789464009	39.7824260835636	0.048
2014.6806371192	39.7667998731469	0.048
2014.69337959832	39.7530425132356	0.048
2014.70612207743	39.7409638223331	0.048
2014.71886455654	39.7303950038586	0.048
2014.73160703565	39.7847070861578	0.052
2014.74434951476	40.5842267517793	0.056
2014.75709199387	41.0836134287263	0.06
2014.76983447299	41.2810029605696	0.06
2014.7825769521	41.4716267973428	0.06
2014.79531943121	41.6558222517222	0.06
2014.80806191032	41.8339050279344	0.06
2014.82080438943	42.0061708695621	0.06
2014.83354686855	42.1728970809501	0.06
2014.84628934766	42.334343886621	0.06
2014.85903182677	42.4907557112403	0.06
2014.87177430588	42.6423623267234	0.06
2014.88451678499	42.7893799144326	0.06
2014.8972592641	42.9320120360702	0.06
2014.91000174322	43.0809557716742	0.068
2014.92274422233	43.1445347678985	0.072
2014.93548670144	43.0836425670116	0.072
2014.94822918055	43.1137648994792	0.08
2014.96097165966	43.2543365397431	0.084
2014.97371413878	43.3823024137694	0.084
2014.98645661789	43.5070895280298	0.084
2014.999199097	43.6287803456642	0.084
2015.01194157611	43.7474586368833	0.084
2015.02468405522	43.8632086196659	0.084
2015.03742653434	43.9761143311625	0.084
2015.05016901345	44.0862590907879	0.084
2015.06291149256	44.144998569672	0.088
2015.07565397167	44.189310837038	0.088
2015.08839645078	44.2338156705089	0.088
2015.10113892989	44.2784126668188	0.088
2015.11388140901	44.3230145830167	0.088
2015.12662388812	44.3913880916194	0.092
2015.13936636723	44.481955121603	0.092
2015.15210884634	44.7417541651518	0.104
2015.16485132545	44.8466137000718	0.104
2015.17759380457	44.9224836199572	0.108
2015.19033628368	44.9440217753933	0.108
2015.20307876279	44.9655594644427	0.12
2015.2158212419	44.8818570198119	0.124
2015.22856372101	44.7286154221244	0.124
2015.24130620013	44.581492205369	0.124
2015.25404867924	44.440109783687	0.124
2015.26679115835	44.304122201983	0.124
2015.27953363746	44.1732117409599	0.124
2015.29227611657	44.047086063451	0.124
2015.30501859568	43.9254756559731	0.124
2015.3177610748	43.8333844993718	0.128
2015.33050355391	43.8463557726677	0.128
2015.34324603302	43.8580316178874	0.128
2015.35598851213	43.8685190274186	0.128
2015.36873099124	43.8779151297354	0.128
2015.38147347036	43.8863082024141	0.128
2015.39421594947	43.8937786104036	0.128
2015.40695842858	43.9003996092245	0.128
2015.41970090769	43.9460952115934	0.132
2015.4324433868	43.9946428003262	0.136
2015.44518586591	44.0429250143227	0.136
2015.45792834503	44.089479399794	0.136
2015.47067082414	44.1461201746266	0.144
2015.48341330325	44.2518107318185	0.156
2015.49615578236	44.3026133649279	0.16
2015.50889826147	44.350096891274	0.16
2015.52164074059	44.3825429097131	0.164
2015.5343832197	44.2781064961118	0.164
2015.54712569881	44.1772477460371	0.164
2015.55986817792	44.072454780123	0.172
2015.57261065703	43.9611506212098	0.172
2015.58535313615	43.8536875280612	0.172
2015.59809561526	43.7498675499819	0.172
2015.61083809437	43.6495062562109	0.172
2015.62358057348	43.5515241480765	0.172
2015.63632305259	43.4180414556607	0.18
2015.6490655317	43.5107709509407	0.184
2015.66180801082	43.6875159990855	0.184
2015.67455048993	43.8595485548458	0.184
2015.68729296904	44.0273119842599	0.188
2015.70003544815	44.1971085485153	0.196
2015.71277792726	44.418007885198	0.2
2015.72552040638	48.7818499550182	0.198
2015.73826288549	48.9139885144355	0.198
2015.7510053646	49.0413323061468	0.208
2015.76374784371	49.0910382542881	0.208
2015.77649032282	49.213867019487	0.208
2015.78923280194	49.3330787426969	0.212
2015.80197528105	49.4352335997405	0.216
2015.81471776016	49.5289080032291	0.216
2015.82746023927	49.6183392186041	0.22
2015.84020271838	49.702605722171	0.22
2015.85294519749	49.7838137324477	0.22
2015.86568767661	49.8699528709092	0.232
2015.87843015572	50.0040907028896	0.232
2015.89117263483	50.1329755943924	0.232
2015.90391511394	50.2250684486184	0.236
2015.91665759305	50.105685768822	0.236
2015.92940007217	49.9906127243709	0.236
2015.94214255128	49.8796180680914	0.236
2015.95488503039	49.7878572205727	0.234
2015.9676275095	49.7042415380599	0.234
2015.98036998861	49.7083428642134	0.242
2015.99311246772	49.9818033222326	0.25
2016.00585494684	50.4084738459263	0.258
2016.01859742595	50.4358750433277	0.262
2016.03133990506	50.5012384873844	0.266
2016.04408238417	50.6404300816151	0.274
2016.05682486328	50.7629470838585	0.282
2016.0695673424	50.9138034802523	0.29
2016.08230982151	51.0639577686405	0.294
2016.09505230062	51.1361952667719	0.298
2016.10779477973	51.1794074776241	0.298
2016.12053725884	51.2201961785576	0.298
2016.13327973796	51.2379156621364	0.306
2016.14602221707	51.2343110743874	0.306
2016.15876469618	51.2278600240879	0.314
2016.17150717529	51.1945447721223	0.322
2016.1842496544	51.1754462319637	0.324
2016.19699213351	51.1545128653261	0.324
2016.20973461263	51.1342766186958	0.324
2016.22247709174	51.1118327779648	0.328
2016.23521957085	51.0822126309943	0.328
2016.24796204996	51.1079146368333	0.336
2016.26070452907	51.2180960194934	0.352
2016.27344700819	51.3195660511616	0.352
2016.2861894873	51.3984473222952	0.364
2016.29893196641	51.4547166309011	0.364
2016.31167444552	100.136881262458	0.372
2016.32441692463	100.167952581153	0.376
2016.33715940375	100.194115573219	0.384
2016.34990188286	100.221858794698	0.384
2016.36264436197	100.248330863322	0.384
2016.37538684108	100.249605363494	0.392
2016.38812932019	100.252316669299	0.396
2016.4008717993	100.27508152515	0.4
2016.41361427842	100.317082358982	0.4
2016.42635675753	100.357460313324	0.4
2016.43909923664	100.392619693204	0.404
2016.45184171575	100.423351361025	0.404
2016.46458419486	100.452935975004	0.404
2016.47732667398	101.454944417709	0.394
2016.49006915309	101.410489051419	0.398
2016.5028116322	101.364863746859	0.402
2016.51555411131	101.81170362456	0.398
2016.52829659042	101.80399387503	0.398
2016.54103906953	101.795421790452	0.406
2016.55378154865	102.650104837907	0.404
2016.56652402776	102.614695862516	0.416
2016.57926650687	102.584063478184	0.42
2016.59200898598	101.600114995792	0.432
2016.60475146509	100.617895740779	0.444
2016.61749394421	99.6899512217531	0.444
2016.63023642332	98.4497873902691	0.448
2016.64297890243	101.804491551935	0.452
2016.65572138154	100.678981022846	0.464
2016.66846386065	99.6733739620691	0.464
2016.68120633977	98.7708101476281	0.468
2016.69394881888	96.6390584316471	0.472
2016.70669129799	94.3937943091685	0.476
2016.7194337771	92.398400016434	0.48
2016.73217625621	90.6048140404045	0.482
2016.74491873532	88.8529456635642	0.488
2016.75766121444	87.5327959887003	0.488
2016.77040369355	85.8495774077591	0.492
2016.78314617266	84.2778526074204	0.492
2016.79588865177	82.8743826322665	0.492
2016.80863113088	81.6125434770033	0.492
2016.82137361	80.4836828917221	0.5
2016.83411608911	79.4668969291904	0.5
2016.84685856822	78.5384433948859	0.508
2016.85960104733	77.6846813218001	0.512
2016.87234352644	76.9026446616581	0.52
2016.88508600556	76.1631899734784	0.528
2016.89782848467	75.8240386850799	0.524
2016.91057096378	75.1794563534836	0.534
2016.92331344289	74.5967428371437	0.546
2016.936055922	73.9466459783138	0.558
2016.94879840111	73.4941139458346	0.552
2016.96154088023	72.9087243353201	0.558
2016.97428335934	72.153103543551	0.566
2016.98702583845	71.0879913703619	0.576
2016.99976831756	70.3934937733379	0.576
2017.01251079667	69.7450302142258	0.58
2017.02525327579	69.1386804488359	0.584
2017.0379957549	68.5712443635221	0.584
2017.05073823401	68.0380430594614	0.588
2017.06348071312	67.5400055313744	0.59
2017.07622319223	66.8595961208304	0.604
2017.08896567134	66.1246986894866	0.62
2017.10170815046	65.432360042016	0.624
2017.11445062957	64.7771372551584	0.632
2017.12719310868	64.1630631369424	0.634
2017.13993558779	63.5886897232437	0.642
2017.1526780669	63.325439440782	0.642
2017.16542054602	62.8386955339748	0.65
2017.17816302513	62.3857788161372	0.648
2017.19090550424	61.9618605891393	0.652
2017.20364798335	61.9147086951785	0.65
2017.21639046246	61.5390248643099	0.66
2017.22913294158	61.2621876462146	0.672
2017.24187542069	60.4444626182356	0.684
2017.2546178998	59.4942847821758	0.7
2017.26736037891	58.6074943172679	0.704
2017.28010285802	57.7874139814664	0.708
2017.29284533713	57.0214351529298	0.712
2017.30558781625	56.3089926903645	0.728
2017.31833029536	55.6527365260343	0.738
2017.33107277447	55.0382741650564	0.762
2017.34381525358	54.7346220992233	0.774
2017.35655773269	54.6398731171293	0.774
2017.36930021181	54.5460226281786	0.778
2017.38204269092	54.4161820245014	0.79
2017.39478517003	54.2333079308851	0.806
2017.40752764914	53.9979708990484	0.814
2017.42027012825	53.7866974435575	0.82
2017.43301260737	53.5821238205722	0.822
2017.44575508648	53.397173982481	0.83
2017.45849756559	53.23012058987	0.842
2017.4712400447	53.0984107056414	0.85
2017.48398252381	53.2990350506836	0.84
2017.49672500292	53.1915206360383	0.848
2017.50946748204	53.0918792539424	0.86
2017.52220996115	53.247772851494	0.854
2017.53495244026	53.1607014753045	0.858
2017.54769491937	53.0795977255791	0.862
2017.56043739848	53.368923754837	0.87
2017.5731798776	53.2728551289533	0.886
2017.58592235671	53.0866858214145	0.9
2017.59866483582	52.9420884824017	0.916
2017.61140731493	52.8134529916796	0.928
2017.62414979404	52.7363453295267	0.932
2017.63689227315	52.4863534322091	0.938
2017.64963475227	52.1464817798915	0.94
2017.66237723138	51.8217293557148	0.948
2017.67511971049	51.49548815922	0.968
2017.6878621896	51.1779357295867	0.97
2017.70060466871	51.0620623734653	0.976
2017.71334714783	50.7497633744137	0.974
2017.72608962694	50.4682668027313	0.99
2017.73883210605	50.2068577812537	0.998
2017.75157458516	49.9606409210553	1
2017.76431706427	49.7590469701365	1.014
2017.77705954339	49.6431165634172	1.018
2017.7898020225	49.5895613197514	1.03
2017.80254450161	49.6792350995096	1.028
2017.81528698072	49.5642943313786	1.036
2017.82802945983	49.6338434859563	1.042
2017.84077193894	49.7523112365228	1.062
2017.85351441806	49.8594984072344	1.066
2017.86625689717	50.1227279797805	1.078
2017.87899937628	50.2126232054821	1.086
2017.89174185539	50.2846578799626	1.094
2017.9044843345	50.3563067296203	1.1
2017.91722681362	50.4322421453635	1.108
2017.92996929273	50.506694525831	1.112
2017.94271177184	50.5893211122127	1.136
2017.95545425095	50.7204169933948	1.14
2017.96819673006	50.8444322482034	1.14
2017.98093920918	51.0989205945942	1.154
2017.99368168829	51.2273785506052	1.158
2018.0064241674	157.553847704844	1.162
2018.01916664651	157.446766520618	1.174
2018.03190912562	157.466773749717	1.18
2018.04465160473	157.542553326632	1.184
2018.05739408385	157.788670098226	1.2
2018.07013656296	157.910189892543	1.212
2018.08287904207	148.730287974717	1.234
2018.09562152118	127.715188469429	1.236
2018.10836400029	113.020779727707	1.264
2018.12110647941	102.436250261871	1.284
2018.13384895852	95.3231537773432	1.28
2018.14659143763	89.9250512366156	1.292
2018.15933391674	86.0855429751588	1.3
2018.17207639585	693.933609117197	1.31
2018.18481887496	330.136131001118	1.314
2018.19756135408	237.589881242023	1.334
2018.21030383319	194.777856725024	1.354
2018.2230463123	170.071528924325	1.364
2018.23578879141	154.251775655689	1.368
2018.24853127052	140.828304252617	1.376
2018.26127374964	130.22204938164	1.388
2018.27401622875	122.45233348401	1.408
2018.28675870786	318.364282512479	1.412
2018.29950118697	314.334406261072	1.416
2018.31224366608	311.104266941659	1.444
2018.3249861452	236.479996754246	1.47
2018.33772862431	192.049743294121	1.492
2018.35047110342	166.874133280433	1.504
2018.36321358253	131.883922860683	1.526
2018.37595606164	121.681953990867	1.544
2018.38869854075	114.013758098758	1.554
2018.40144101987	107.726803165436	1.578
2018.41418349898	102.765878116798	1.61
2018.42692597809	99.0855592783014	1.626
2018.4396684572	96.0235851351886	1.638
2018.45241093631	94.0794163927292	1.684
2018.46515341543	93.3658123092477	1.708
2018.47789589454	92.6810112977447	1.752
2018.49063837365	94.0616491178259	1.798
2018.50338085276	95.4967267969749	1.82
2018.51612333187	183.806116227787	1.844
2018.52886581099	184.817514171711	1.872
2018.5416082901	198.327554602318	1.89
2018.55435076921	190.829946804919	1.898
2018.56709324832	164.83876607899	1.924
2018.57983572743	150.212426931402	1.97
2018.59257820654	140.474698514895	2
2018.60532068566	105.620840405119	2.068
2018.61806316477	104.499476211252	2.122
2018.63080564388	98.090702734394	2.144
2018.64354812299	92.7300990239985	2.176
2018.6562906021	66.9494449738361	2.234
2018.66903308122	65.1510584175562	2.278
2018.68177556033	61.0514458760468	2.364
2018.69451803944	47.7026896781781	2.444
2018.70726051855	59.9582588255576	2.54
2018.72000299766	51.5773394265855	2.59
2018.73274547677	41.517800287221	2.724
2018.74548795589	39.9159817383929	2.818
2018.758230435	53.7010955459971	2.898
2018.77097291411	49.7839528308137	3.012
2018.78371539322	45.5917239391028	3.112
2018.79645787233	67.5925368007587	3.296
2018.80920035145	57.7217110386018	3.484
2018.82194283056	63.9886032901862	3.672
2018.83468530967	59.7431503646747	3.912
2018.84742778878	75.634163416287	4.158
2018.86017026789	71.0896674136393	4.438
2018.87291274701	88.5377913587457	4.692
2018.88565522612	106.288062274134	5.022
2018.89839770523	126.120153932204	5.478
2018.91114018434	145.098447445992	5.946
2018.92388266345	149.784751210099	6.628
2018.93662514256	203.833574631362	7.644
2018.94936762168	227.585096697782	9.112
2018.96211010079	276.561849776174	11.684
2018.9748525799	453.377111761174	16.582
2018.98759505901	887.886267227253	30.344
2019.00033753812	2255.0530569238	507.996
2019.01308001724	505.553071957002	517.596
2019.02582249635	292.311343417335	527.982
2019.03856497546	207.56416616262	538.938
2019.05130745457	161.863138007809	550.98
2019.06404993368	133.191849780735	563.682
2019.07679241279	113.500468367339	577.214
2019.08953489191	99.1101302870162	591.71
2019.10227737102	88.1929632018591	600.384
2019.11501985013	79.686673257528	608.812
2019.12776232924	72.8664909855222	618.088
2019.14050480835	67.287349575547	627.418
2019.15324728747	62.6398241048938	637.486
2019.16598976658	58.6945394573274	647.848
2019.17873224569	55.3167238109773	659.332
2019.1914747248	52.393517840764	671.554
2019.20421720391	49.8542801349429	685.234
2019.21695968303	47.6379619601156	699.308
2019.22970216214	45.8707325253206	710.76
2019.24244464125	44.5816597094693	718.384
2019.25518712036	43.6268223136147	725.174
2019.26792959947	42.8711133981012	731.808
2019.28067207858	42.244749779281	738.124
2019.2934145577	41.6976791279101	745.116
2019.30615703681	41.232460037384	751.6
2019.31889951592	40.8431425758581	758.388
2019.33164199503	40.5110050325834	764.936
2019.34438447414	40.2694046911118	771.474
2019.35712695326	40.1194285192403	777.752
2019.36986943237	40.0439999337809	783.482
2019.38261191148	40.0695336132355	789.208
2019.39535439059	40.1554490842347	794.594
2019.4080968697	40.3075380781113	799.404
2019.42083934882	40.5031149672556	803.912
2019.43358182793	40.7667868316819	808.67
2019.44632430704	41.0444924379242	813.7
2019.45906678615	41.3847811359493	820.612
2019.47180926526	41.8403975969026	829.968
2019.48455174437	42.2965370073753	838.368
2019.49729422349	42.8935597354998	845.134
2019.5100367026	43.3093555422974	849.958
2019.52277918171	43.7446759655009	854.662
2019.53552166082	44.2080422900809	859.628
2019.54826413993	44.6870521990142	865.694
2019.56100661905	45.2371382468143	873.082
2019.57374909816	45.8713643709691	880.592
2019.58649157727	46.622223136844	887.832
2019.59923405638	47.4088145214468	894.948
2019.61197653549	48.2321923155944	902.292
2019.62471901461	49.1252665989409	909.656
2019.63746149372	50.13090303651	917.116
2019.65020397283	51.3119561833877	924.26
2019.66294645194	52.8232578703423	931.512
2019.67568893105	54.0224916386446	938.388
2019.68843141016	54.6421193059295	944.284
2019.70117388928	55.4602771638556	949.9
2019.71391636839	56.5476243089543	955.58
2019.7266588475	56.8829069243372	960.966
2019.73940132661	57.2768845966316	965.04
2019.75214380572	57.7085889650243	968.952
2019.76488628484	58.2177862266417	972.06
2019.77762876395	58.4540922530632	973.884
2019.79037124306	58.5107880004095	975.41
2019.80311372217	58.5615141694715	976.82
2019.81585620128	58.6191793768773	978.852
2019.82859868039	58.6977389677639	982.928
2019.84134115951	58.8213892945602	985.91
2019.85408363862	58.965596188298	988.4
2019.86682611773	59.1189062510676	990.66
2019.87956859684	59.2280426528863	992.22
2019.89231107595	59.3510080500532	993.132
2019.90505355507	59.4312312546878	994.352
2019.91779603418	59.5723822649689	999.92
2019.93053851329	59.8459577587832	1006.17
2019.9432809924	60.3465289354897	1013.682
2019.95602347151	61.2641564639639	1021.772
2019.96876595063	62.9730243801495	1028.154
2019.98150842974	64.4391227659546	1030.264
2019.99425090885	64.4659710914564	1031.338
2020.00699338796	64.4657785524602	1031.336
2020.01973586707	64.465675324841	1031.328
2020.03247834618	64.4655881009997	1031.324
2020.0452208253	64.4654779403191	1031.318
2020.05796330441	64.4652905472959	1031.304
2020.07070578352	64.4651045370603	1031.296
2020.08344826263	64.4650089233075	1031.282
2020.09619074174	64.4649979694497	1031.28
2020.10893322086	64.464935606535	1031.266
2020.12167569997	64.4648207529496	1031.256
2020.13441817908	64.4647395559466	1031.254
2020.14716065819	64.4646627243887	1031.248
2020.1599031373	64.4645887065528	1031.24
2020.17264561641	64.4636306941673	1031.232
2020.18538809553	64.4635111852417	1031.228
2020.19813057464	64.4634344682148	1031.218
2020.21087305375	64.4633568852679	1031.208
2020.22361553286	64.4632690691607	1031.2
2020.23635801197	64.4631492051941	1031.198
2020.24910049109	64.4630365855113	1031.19
2020.2618429702	64.4629311074234	1031.178
2020.27458544931	64.4628341151891	1031.166
2020.28732792842	64.4626945138839	1031.16
2020.30007040753	64.4623220667707	1031.158
2020.31281288665	64.4619504761169	1031.142
2020.32555536576	64.461879303295	1031.128
2020.33829784487	64.4618186455312	1031.116
2020.35104032398	64.4617282100933	1031.11
2020.36378280309	64.4616592793508	1031.098
2020.3765252822	64.4616099814253	1031.09
2020.38926776132	64.461576813683	1031.082
2020.40201024043	64.4615905997501	1031.07
2020.41475271954	64.4612450942318	1031.054
2020.42749519865	64.4603939639981	1031.046
2020.44023767776	64.4595342351112	1031.038
2020.45298015688	64.4592598329854	1031.016
2020.46572263599	64.4590274749245	1031.004
2020.4784651151	64.4587953746141	1030.98
2020.49120759421	64.4583889186863	1030.96
2020.50395007332	64.4579710108224	1030.948
2020.51669255244	64.4574031544955	1030.94
2020.52943503155	64.4567352764409	1030.926
2020.54217751066	64.4559755864935	1030.914
2020.55491998977	64.4552011426466	1030.906
2020.56766246888	64.4545251535149	1030.89
2020.58040494799	64.4539245240825	1030.864
2020.59314742711	64.4534516748338	1030.848
2020.60588990622	64.4529948857768	1030.818
2020.61863238533	64.4524232993593	1030.792
2020.63137486444	64.451888743245	1030.782
2020.64411734355	64.4511703531549	1030.768
2020.65685982267	64.450449863318	1030.746
2020.66960230178	64.4496969122611	1030.722
2020.68234478089	64.4490243390626	1030.686
2020.69508726	64.4485858765893	1030.662
2020.70782973911	64.4482023211965	1030.62
2020.72057221823	64.44775420103	1030.598
2020.73331469734	64.447388488586	1030.556
2020.74605717645	64.4466803343995	1030.528
2020.75879965556	64.4457863750062	1030.508
2020.77154213467	64.4441264452778	1030.462
2020.78428461378	64.4423160853671	1030.43
2020.7970270929	64.4399330538802	1030.374
2020.80976957201	64.4376600612612	1030.326
2020.82251205112	64.435334043667	1030.266
2020.83525453023	64.4331218137674	1030.202
2020.84799700934	64.4306047932687	1030.132
2020.86073948846	64.4272134100147	1030.062
2020.87348196757	64.4223011989726	1029.996
2020.88622444668	64.4137652675224	1029.916
2020.89896692579	64.4006947207977	1029.768
2020.9117094049	64.3825553450369	1029.598
2020.92445188401	64.3583855827785	1029.32
2020.93719436313	64.3151407978416	1028.858
2020.94993684224	64.2349518858405	1028.154
2020.96267932135	64.0938746333643	1026.838
2020.97542180046	63.7094985405024	1024.318
2020.98816427957	62.4322824243172	1017.026
