mean_branch_dispersal_velocity	weighted_branch_dispersal_velocity	branch_dispersal_velocity_variation_among_branches	original_diffusion_coefficient	weighted_diffusion_coefficient	diffusion_coefficient_variation_among_branches
4434.39010889643	63.7362786698692	14.3574532376199	228822.478908681	3111.43352374521	16.0327006623936
1247.07404668112	68.5110334183132	9.74300799899696	48141.6992094502	3602.65898340704	10.3735945310001
2532.72502652886	65.4650806069062	21.4581373835945	163928.753566149	3254.83422324395	25.7412932904884
2854.43297522939	63.8778505087506	14.0461155837863	117124.458754346	2969.68364639098	13.2295225256636
1512.29280765041	69.1925812967837	17.5628825731538	75269.1607849649	3632.80091791576	21.2767295890965
1127.4173873742	63.2781625596557	9.67394332242016	53556.9173954157	3143.05661144219	13.3548487457658
4714.36035090033	62.6875605838465	17.0796896249444	213877.664038819	3046.16686145546	18.7265468458838
1302.38298115446	61.7448285734801	15.4000094765383	64889.0765656666	2963.52618076676	21.2229049795358
964.004132301317	67.0410338246951	9.14379169596796	36081.5254041884	3405.69552738726	10.4164634812609
1422.17551300787	61.0863709503707	11.7716527078409	47162.2282083243	2880.87871473026	10.9198025427153
7539.85263082764	67.9224563668682	13.0651663306256	386830.295341728	3357.07649476798	14.7346455326212
1145.72201677255	69.3766817848446	12.296857521719	29326.1882107998	3022.12437431878	10.4114597214914
1098.58174449876	61.7454191118663	17.0039393562388	59077.4072871402	2851.40405393412	23.3051280579665
3260.52402982319	63.6293668413164	14.744746107891	187632.22046434	3104.32008420467	17.9086096931057
1937.36470241599	69.1728311917482	19.5519799859315	95287.8625815797	3308.78683031444	23.4342741163757
687.368612543572	64.6717849927427	8.92384769724449	25965.4850024786	3157.95573236661	9.71359753030251
9283.04080205835	64.934870379993	21.3258761918483	532549.226166066	3245.57913323266	22.2591781028091
1485.89654071379	58.8246474375967	12.4230232843656	56152.0306209071	2635.11862626717	13.8432659382157
1323.97623570087	68.0948542976991	15.7127223940147	51757.0312874801	3297.0030430287	13.6907943933643
3665.36845834644	67.6699242242856	19.2611369481502	139767.104342448	3213.31212795982	17.8591500419056
1438.88916803618	65.6337477331884	12.9044810155972	63425.4483962241	3128.713228339	13.7419126639532
1784.54986155105	73.2816934205001	10.2415899701699	55730.5374033676	3732.18269765382	10.3359004167718
4003.74261101668	69.4147758891072	16.9737979954265	264345.817040994	3536.55095200835	19.9654896283594
4090.86742022789	64.1043069370716	14.4849845845416	143952.304645888	3258.58956311035	12.9548653036176
86.2041547566698	52.5367379556901	5.50336148565342	2354.18381303043	2138.63231804123	9.73976424882559
1533.2923561035	59.1028910020401	10.5584768519104	56044.404756547	2687.86178345476	12.082001237758
1444.31144511411	65.5426714955241	10.1080447924456	43741.5095994346	3055.82928184147	10.344948950784
1800.09604451098	64.9196275748706	12.9751276410973	70805.6872796354	3050.6329175804	16.6883411616174
869.238884083945	58.3604757174677	9.0296589317582	31503.7959328097	2703.81535536673	9.57952490191891
4000.47631217904	65.1258834381005	12.5117595739358	150793.097945185	3160.15802507854	12.0168614439848
1277.37119311819	59.0541685337898	9.9481442782361	45321.2972621702	2643.55013071097	12.0775947070122
2039.41536464959	62.7127453229194	14.49384174322	112178.15886685	2974.38488926475	19.1623858970104
3281.36528524353	63.6845845646468	15.6770952241903	157991.448369255	3095.26845720063	21.8883077883739
2844.65108755528	63.0260884871451	10.0328833634014	119869.513766043	3074.62451199173	10.8128834303438
698.777686035069	67.6363075020147	11.7139345367954	30170.3560711484	3179.22265013737	14.4118597785752
13886.2112239198	64.6549173511581	21.8224026785892	816131.544412102	3134.24155243124	23.0380833262809
2052.02632455013	60.149232971924	21.3907041529774	137056.289299217	2810.88949301576	25.9639360086083
2403.32227220323	65.2683726189403	19.3936319305484	112707.613839767	3147.11977447722	19.4597014408067
2000.57464221668	65.2937683522064	13.4490100025898	52254.6168320594	3073.59163728245	12.7933571889594
1184.21230473137	62.4662289920482	11.4652339348504	46502.5773846244	2975.29016990502	11.4506921534617
1697.38594436369	64.4863304315045	11.641242219421	63808.900912242	3101.3509112663	12.4607990329359
615.862061315037	65.2781170132883	8.0144452206534	20471.626268885	3129.37774016764	8.89462564373323
5783.34614710456	64.0042545414013	22.3487842513041	398913.915432746	3069.39273961536	26.3528804181923
1128.86408206389	62.0972451546686	18.5772789533168	71661.6235401043	2948.1558498845	23.8432221376248
8229.74403212654	61.9509983455466	20.0427234785901	485108.153941097	2999.94482596129	22.591045060793
3985.31468221989	61.0596671512829	18.1869763652459	144821.955141965	2821.83472479981	16.6407984931801
1286.23830133379	63.7980430819952	10.7597777699618	65067.8852329156	3113.69803874784	13.470379967217
1087.66396696088	65.9752122591944	12.1848363069153	41012.5455188868	3164.26625872043	12.1844954987231
1743.46426270363	62.3420718419241	17.729689592482	54630.3515804799	3004.83639852419	14.9386747386896
3163.19987299972	63.1839649412771	16.7058423681828	128488.854254067	2971.62563639493	15.9825904786285
114.389640894212	62.1120281231388	5.45445405877967	4197.01363337174	2669.79346215922	7.57402335779644
2422.07906124763	62.6921225937015	14.5570497511762	93021.2682951851	3046.17838166985	15.8949862383179
79794.8260293004	63.344597537028	31.2755741654838	2005102.33319239	3023.00764940116	30.1993040196424
4032.39688231034	67.132703330505	25.9690516542736	258816.667322124	3272.37825020852	27.7738082639214
2099.69023638955	61.8508518184614	18.7786156904064	96349.9816507046	2993.19963012451	20.0991332556529
3000.51712465688	65.7722944452611	15.0138836972305	152020.744860397	3236.78591251869	18.1422733686611
2437.07116396662	61.8285707519005	11.2427154638527	80632.1105492962	2993.57259769015	12.2465559783
718.398214023687	67.671289648245	8.94798627079493	32118.0138667054	3433.80211819755	11.8882154947506
1186.41196468765	59.5580976014311	9.75109568373347	36763.7358529036	2641.86926975524	10.0949347637423
1869.12144504386	64.4108984460604	10.5058931368425	87906.9360798439	3201.17448908426	13.2647876996582
1231.04765720538	61.6456655842154	12.9241023838155	53781.3697562212	2922.69146573247	14.240092339349
1538.21546171485	63.7380294957771	15.3004855927229	77297.1372069485	3022.79047753963	17.7228003164711
2153.17391358528	70.0667364057627	16.1475063978876	115100.140385744	3252.67829292769	22.1667973691034
1217.94913342452	64.2014718207409	11.3167654702777	69671.8241640791	3137.83568965723	14.8605481763277
2048.39358047219	66.7596977559019	11.1431051350303	76353.3020563669	3427.59775102091	12.9732325574357
2100.93080949098	64.7086975800382	12.9613356289594	85103.3373880003	3037.00506563029	14.6458187922553
5289.36582187053	63.4181264264728	16.4369235125443	251537.362584458	3186.68956366066	18.896829001613
148.709986490314	62.2961071224037	7.06941997866971	4145.19543001749	2672.83806822897	6.6757387966953
3466.47538840934	65.3228247547903	12.279223135412	208290.729768734	3303.9160958086	14.4612323854893
3257.70949300068	61.8176024741147	23.4947169126603	240005.285194637	3018.26630373186	26.2613886898132
1834.04049636069	63.3858907265028	16.371082784689	122392.386431661	3078.81973563106	19.7734606415236
1194.73637965276	62.6063154094811	9.34232124376412	42857.2755234806	3026.51565621526	10.0385654639049
785.048917818481	68.7382228389816	8.72627586178857	28913.8983294414	3154.42888290741	12.2068085046513
1279.24070892721	64.3722604903786	10.9889225543048	64167.892319031	3116.72566784933	13.884363526751
2150.44320177157	62.322680174582	10.6063640379989	99310.8633007982	3042.28723143095	13.7992773159552
1981.86992477019	62.1340944049408	12.1233577885406	71399.8377035721	2938.33954507265	12.0394736027704
3158.09743735305	64.2185866989324	18.5997474642118	191107.828156795	3200.21217317437	24.5621907580325
1827.63831883769	62.2064386612659	12.2788301880296	80563.29206277	3102.17537625196	14.4954148871444
1217.01521997109	63.1952321442661	10.061089679493	46994.9581694504	3143.0683539309	11.2834406275484
2571.19541009572	63.5858528581434	9.89414813580046	107785.384434735	3092.60901909357	12.2560641346383
1533.69630097546	66.1288482172412	13.2008120950698	67555.4041301287	3187.2671638586	15.5408115232138
1822.1643028187	63.4542773674023	14.1627334659439	88633.5784833342	3129.80897226082	17.8521711011663
1567.92366787495	63.3994098051517	19.4104390173807	75793.5960890577	3132.37617118362	20.796734237203
926.112798323407	68.0371214176596	14.0790173736675	37089.5904577371	3190.09573919439	13.6825636342088
1615.77918208112	63.9539127070988	13.5483689018587	71115.75477564	3068.14171767122	18.6225586256814
2877.24078274093	61.9427625397656	13.4069067064126	128673.122505969	3040.06158689006	16.0270205104618
3960.66816811957	62.0920636676671	19.7054198442185	257422.043485223	3027.78470525184	20.4848859550954
1631.72900468319	60.6892359642424	13.7552214492795	53495.400968912	2823.24054821557	14.6975755714099
1571.6228500104	67.0434810591225	10.3129777257995	59821.1303559571	3548.96953390868	10.8293423187643
1680.66639508609	61.8306744604455	14.6306753891203	94970.4035963295	2993.11662355074	17.1889587629919
2032.4985698724	63.06144750895	11.8320549503657	79232.7936542842	3042.94220969285	12.6379059145315
9116.49779367263	61.9173649525549	23.086072362499	611361.614684731	2906.61061533635	26.5227209542226
4069.76478400899	66.7920948961276	13.6317037868465	224928.146945102	3303.71542202186	18.0119138933001
3792.44307260812	61.2074603375217	18.0491896927811	200047.056034278	2867.43063775019	20.6112478439183
5541.28992078544	68.9125569042308	20.8605683442885	386877.598474211	3509.31285981004	23.099013711511
1826.97736526245	62.5501120011109	15.1656131265127	45605.9015904838	2922.20016786118	11.1355649233855
3182.09367999502	66.4576679379577	11.771741722403	134066.571113159	3204.012636789	12.4706956644254
2283.7229592424	68.4549498002451	13.4226344256331	101628.829075957	3415.2746866874	18.3334426607066
1864.42004062003	66.1781733148994	10.6760503084882	80162.6079223655	3244.88610240171	11.1723353722007
2676.92566343474	62.2513593086971	13.4155307344471	126444.654230121	2892.48016315863	16.1112072059704
1169.07208138133	64.7688368728098	17.9502459898236	68041.1583584257	3170.52986106362	24.9688198266876
811.905999481087	64.5402594465671	11.9711034094251	42091.6625523915	3137.0265225737	14.7918553831143
1797.21666364907	63.6268996677499	13.451651506315	76417.9497118848	3153.8929933123	16.5733728568998
3238.86786872782	67.1752986434604	12.9024527514916	126461.300815462	3235.42700501326	15.8971822991597
1291.1289425602	59.6342968609741	10.0470635199501	39274.6549526724	2637.6815370025	10.04143295835
1078.65579791153	62.4564741490015	13.4263099436159	46332.8990157922	2885.97410738883	17.3780072757846
3749.69489628196	62.1329764461502	16.6448378499814	137474.130439826	2934.30314659086	15.5962238664175
1571.13064227895	62.8610208618881	13.9068685582725	76911.6796860001	2979.66610871183	16.7581422158435
5367.20388149601	63.8364938408269	27.9769352837368	406119.641934005	3122.44476583568	30.5299274414128
2220.02104200852	69.4057263061931	10.9475045166843	116924.973045277	3509.825057635	12.5666453790811
2047.8104272556	63.4114200481991	11.9498988394752	63265.5331839708	3022.81339044582	10.5492301703018
2744.09527894895	63.7362768038811	12.0345018366641	147048.189651593	3170.08747149238	14.868788105509
3751.03660871502	64.2706593748306	25.2059515922858	276054.543372292	3164.00499771053	28.2432095462431
1224.6312914675	63.4776558640756	14.4666604682218	45221.0841379109	3123.76927664278	13.122430366784
4930.12387382292	70.2735394420304	12.713402108035	260491.18389205	3547.570703617	13.1617193674695
3789.15168145112	65.4656482484817	19.0083581673577	131497.149009426	3095.46114736426	19.2488563159654
1483.40002213471	66.1291972888514	12.9198476012921	51120.894349973	3281.30416765211	11.3422897639487
916.190645461403	63.1098688630861	8.95493889417408	38046.6349752533	3173.96905002339	10.7502896782209
2502.20643529189	59.8147419226842	11.0462683814772	83665.4661321895	2661.34075782777	11.4563663839906
4239.71569762707	62.3220193882471	19.7593648406129	233108.90399273	2933.07023403728	22.067355873539
1514.97320267851	66.2910530274703	14.6961466522773	57577.2094495884	3165.20888818553	14.8799064537638
1241.80352342085	64.1861017023071	17.8385532142566	39727.0978641331	3041.33591541208	17.7674829565361
5449.34450298276	66.3077175765758	19.7606582250076	333270.450991624	3216.63770152971	24.8866569913926
1538.33764099467	67.8269125710041	12.9329719753152	81091.3402941262	3393.59444001291	15.4754559585945
1645.15720458941	68.967864491085	10.6052847438792	81715.5008738938	3577.77931713095	12.1667841378379
2673.73886425508	61.3871575096633	13.758959347893	130096.454963613	2816.68402166955	15.1287632879104
1078.99811193994	60.9398612928359	9.46040094035903	33167.2047803405	2814.98082342651	10.4658475854415
3525.6937060337	66.4204167364154	17.9018462580989	201335.696565538	3168.51951796049	22.9542355221901
7024.94422418035	67.1774059215486	23.0849516739445	501003.558200366	3241.18233795463	26.0959429328334
6031.53151690556	63.2239350303286	12.0235402817909	313587.399165284	3166.76798647194	14.2817432966136
2744.83609970074	67.4581952778467	13.3064120671077	135857.474041701	3288.78474001798	13.9734662605225
2790.93899669955	62.549212560015	20.9233796261587	146183.657956752	3063.72396570358	24.1704533215699
1624.02389519703	67.0324173378585	10.8696683807228	79684.5741695473	3315.39561371109	11.8834461479032
1276.1786299415	67.9511532036181	13.6528514228899	55176.9057920586	3183.9368572246	12.8259301175171
1062.60190472704	65.3443881711988	9.92548348427787	38360.8646635504	3148.81125148597	10.6276858052793
781.279951477535	67.2755013232855	14.5472499338973	46839.4870868518	3152.63053373686	19.5760212186979
1953.97654423017	65.0638531276468	11.8221866850465	64039.7165606558	3119.18641929362	11.8520576283785
1851.67846386863	64.8729558242587	14.3623951893249	66254.6863531531	3149.54977283848	13.9931278605382
5034.98058978062	61.5923842490627	26.2533730312772	274446.408955538	2814.08948101542	27.3631092360798
1968.31401419578	65.032835087363	12.7146451043313	50676.3056262587	3061.30884449372	11.2172918898472
4457.65296007112	61.4791048024376	13.7954930600632	207577.513401917	2896.881070912	13.8220147677102
130320.355513204	62.8277633266891	30.9746198561029	9996253.97594758	3056.94358648168	31.3631981853521
3496.1758709546	68.4627002421688	16.978937945571	105390.68746207	3269.35391245073	15.190158999996
670.538834241782	64.8425686425556	10.9568536106193	37517.2206252939	3195.72863709201	14.3772367123355
3359.37064869331	67.726724046655	10.8532737146174	160872.643302715	3338.7790283852	13.0214245444095
939.312962236495	69.1069871987168	15.1139542332139	28109.3149783541	3192.92597731295	13.080897719929
182.538981401553	47.1878593013064	4.8013880121606	895.390978648552	1231.02886444846	2.19530129721174
965.17927135655	62.8567746567558	11.8927617133045	36019.4683067608	3166.87642830186	14.611194693954
2160.96239317137	68.3704763530805	15.9935478501572	81647.7816399097	3617.65839163468	18.6463808179005
1973.19085711177	71.8020490222256	15.6922607136018	54269.3427601911	3546.53475833165	13.7441535375387
3421.72498001039	63.5715060962497	18.1974570300296	229139.112304907	3122.96517452902	21.2693519489728
180.292434022929	65.4515139251463	5.55287342626353	5794.59216680803	2838.98363306113	6.18984102030464
1223.54139424837	67.948937455438	15.0786601262586	65972.822600073	3232.98482900494	17.6196381797765
3625.14002074686	66.8549766539334	18.2498672358934	236109.199763385	3292.64069867748	22.4967982225716
3316.808879045	63.2623134311537	13.9073931726732	152140.680195814	3000.7626235473	18.5373089775872
2212.58861871708	63.339175837738	13.847796969583	110546.847369896	3107.12899781736	14.6082439402564
2635.27570213776	61.7141937865884	15.2073879558275	85606.1095152421	2871.40194347374	13.8315512537183
2214.39961270964	60.1897567286278	14.2372698826723	77988.4690228878	2859.92938683474	14.3748715337691
1067.20871285519	60.298977196611	10.4036824538595	37183.3479895159	2696.8782608667	14.2255961781074
5795.93772110965	64.3562413111597	21.1899489709546	380749.502967617	3136.09201947929	26.3790628631349
4033.93529652135	65.0012049435357	13.0325134906981	147852.475370154	3211.39479832673	12.75600829301
3580.49637807962	62.4026711362102	10.8284639254061	164808.561079453	2927.60120380196	12.9462645419017
2334.23751655133	65.5809410579191	16.8822304364695	69164.82996282	3197.98687428013	12.3898233153774
4257.09145754098	62.4708583592764	13.8721443414738	219920.869499669	2932.51200176984	16.7302172733652
4494.58253024868	64.3857125920961	26.3783507785903	237239.053783667	3020.32223551796	28.4790177719842
3032.84528246762	69.0351361025223	17.0256061873813	154346.61882612	3625.95833162482	18.6975770961975
1358.63684473246	69.2129657898219	13.5904807928263	64478.0121933148	3599.28950933815	17.0197817152549
575.65260237478	64.5711144427333	8.61191897985348	24020.6353280038	3301.85033546541	10.0296237865749
2677.50062226318	66.3635059535208	14.0880356739175	122038.253497384	3284.05420481195	17.9085789949154
3626.04059205118	64.8484267416081	13.7793772799817	185173.20676071	3053.18077390667	15.5629787805922
1530.1079528383	69.0243655462219	15.7329593250926	66205.3999735998	3255.43364069864	19.9325309389179
1719.7809065842	64.2207950204172	11.0969121407592	72074.2787819077	3279.13008173998	10.973104558803
1490.60149532335	61.8229337099731	12.4591980605169	42003.5003332503	2979.756246297	10.1186602586911
2800.96159008671	71.2857465324725	17.6663893065469	96193.5294180043	3462.86650225345	17.4829867707644
2004.6716963537	66.4677387280427	15.3445233635609	97360.9437665499	3293.85903924805	19.8238950507831
695.889770453843	67.3297138902083	8.7058812544029	23578.5956153501	3325.67761092579	9.83432825598371
3221.69150942912	63.2257172898126	18.7677279618924	209336.815782829	3031.99199160557	23.2856686294141
1812.05773562164	61.3507714289805	12.6363057086404	64779.7147974205	2990.52803426211	14.820631577931
2477.48634215661	67.605227392267	17.1842133162467	90760.4144277	3306.33147957695	15.8032035913993
1102.67429436728	63.7667259267991	11.8381083675512	31645.0676143621	3141.26509060713	9.78320757299016
775.107146337499	61.3465613009057	11.8298790168992	41650.8895077888	2887.92351263405	17.0737177686002
1179.52079865512	63.6556866027442	10.841438817114	47128.6539015023	3110.03631969821	12.4362021999252
2919.76103108472	64.2741387154011	13.3187968329847	137463.219611189	3093.11622138142	15.6194367918522
6158.58665075449	64.9082716688339	20.8397264737073	305696.474416282	3309.29196710811	22.8459535869848
1986.28908556946	63.6256633731188	11.2222639335198	77370.8166889336	2965.8764301621	11.2359356972258
3868.01226401245	68.2224529849317	20.113805895151	137287.22722111	3393.06781098879	18.1754387906596
1587.74339801404	67.0760874165349	10.5729108422803	71829.6867019483	3235.70129521275	13.2826486310784
804.082672789924	65.3266488657643	11.0406692580281	39183.9398188495	3082.19144155477	14.3562272100438
2847.13319245589	59.9060279502038	13.8154221034858	107818.355421532	2744.53275627843	15.8909538059668
792.4151940051	63.717737241613	8.55270752550804	26685.6803605289	2970.60655894247	9.96948748542703
2697.52484763515	61.6127694466151	12.8671899343143	156769.065035279	3006.14396724231	15.2708088305671
2512.85700797287	66.995521474779	10.2904094895306	105528.252653607	3369.10272990957	10.7572861738771
873.352957218549	62.272327306515	9.23252085177669	36522.8248180287	2958.37753564501	11.8059000264147
2561.83895830744	60.9883392094725	17.152477586794	83980.6781063583	2806.40926566854	18.5693783301662
2727.96027057945	63.8791484451352	12.5102520995943	117842.52208391	3283.78307212609	14.711580982418
4347.81017092337	62.7383460054319	13.2962872535203	280880.152950082	3131.68273530063	14.3668059660373
2462.96179667463	64.3357274547278	13.3721297872696	135824.128395359	3147.42607019222	15.2891261116197
3395.98065736054	68.7145954178355	19.7277965546643	189975.764268429	3622.17079573874	24.0469823840792
859.259634940003	63.4220964371944	10.095464336893	27116.7826663359	3106.59484112458	12.4038641310615
1481.32307742191	64.4462190996096	13.2390447193555	58153.8986997068	3100.71620933589	14.6591687984523
1925.64638977837	66.7003305078943	11.8452349552295	80429.0088665225	3283.77497666663	12.7268763236244
1940.12125572243	60.052092741256	15.3924957063709	83193.5568991412	2756.83886834645	19.0301126680391
1690.29123263331	65.2182587952316	15.2050860450883	115090.621897534	3225.55658540053	22.987216349736
2471.16999801328	68.1131521615636	19.0070687876375	151236.912602093	3339.89165867161	23.543656304028
3930.0760871615	64.0484933810542	12.9652292453324	178078.077910467	3149.62623014349	13.5183741467082
1778.37142439747	62.8043797507655	9.56976349276805	64574.1049154215	3116.87070196909	10.4424912045081
1495.06009424241	67.1479257448969	11.0654448646197	51688.4066935619	3242.26545438496	11.2440698937041
740.42547399677	62.7296108476548	12.7631283181871	40587.2010242316	2949.47122596441	18.4180387355477
3365.04882465526	64.8277109752033	12.6657822015784	159700.170728603	3202.1383602356	13.7163761165818
1580.58362336685	62.136065954522	16.8237439735821	53657.3905340439	2991.92057342762	15.7221618990249
2103.57788771555	63.8437749719833	15.8449929536054	89561.4477626393	3087.2107568947	19.893991171116
2427.31824495538	63.5231473591413	17.4427486157692	85804.4077118502	3003.39431241049	17.5259306121931
1415.04871298489	61.2279636321421	11.6275887077773	60173.8407564342	2807.9028608159	12.7965487836228
302.510834420844	65.9540378448494	9.50079721256569	13253.5364874483	2862.41270064483	14.5563675985432
1166.68033174513	70.009168512194	13.2120210539665	57322.6364149536	3366.20760893979	15.0212986390168
4262.63328342141	70.3241425924865	14.7683696867697	177608.602808916	3688.70676393216	13.3240391590713
2315.75511985512	62.4028560483987	17.0739895504878	104590.478981998	2908.66319644202	21.0295633325453
2395.81242730241	63.9383498731315	12.3668207701633	104198.248346876	3214.0761406365	13.3376866551104
1088.56025795917	63.3976771199884	19.4805929945751	67525.1282749275	3228.85775916768	25.6921542673615
2204.23652750529	65.7502206521176	11.3542709971126	90311.6250092843	3261.38988327365	12.3511992386952
7032.96375741788	65.3943084955321	16.0831773120663	327153.748821997	3171.96328165438	17.2947906026668
3499.28706255076	65.2744190356384	12.3010373713901	189066.071780555	3379.66627142988	13.2752404165699
3224.63953966967	70.023144991806	18.1363824087622	94078.8377423203	3447.59658837852	18.4655772320598
3070.0527285235	66.0570868592859	13.5481180620311	144268.986821712	3228.39798520279	15.4251426181253
44564.9947451058	62.7262508120194	30.0716249951518	3381036.52208311	3052.36717783154	30.636166886076
2481.78908920113	66.7515196131223	15.8659379957569	141910.474534515	3441.95318045471	20.0942904822448
2777.76866532659	61.1137450529655	16.2642081603385	169373.648838421	2904.19768516005	19.759403450861
2923.01211792936	64.2623380221017	14.3315859573602	165719.107202977	3036.95971946666	19.329585809736
125.848781650758	39.4688186579008	6.47221760238129	693.82623747427	1259.49814801749	3.90153543096744
940.492918968501	60.3795882484502	9.01291282526393	38471.2307659657	2868.26526347084	11.1725065176633
1296.9268892694	63.1380923566656	11.0738407552905	38152.0218829627	3104.46614129126	10.1168899461917
1532.06755298829	71.8936968596842	16.1224231276003	48690.3075288576	3549.25012658076	15.9918458718108
5469.04278683707	61.4126455122463	28.8574538697345	217582.216055816	2834.08471272455	29.5133846631985
1163.23246930597	64.8090204995031	10.711540964508	59471.2390079551	3162.76795340729	14.7811097112209
1357.46283781617	66.0078071401201	11.7219328428617	81847.7067555924	3231.49336328526	15.0627071014909
1407.29219883498	63.3812472649912	10.537161835314	48100.7873901748	3058.93208769974	10.485712335972
1310.83871600256	69.051977785864	12.4388889982246	76214.3711834017	3509.64325629789	16.44104821945
1037.32599977338	62.7484862081524	9.82996635645636	38390.0511438377	2896.50830447778	11.2465795302862
6692.85656213937	63.5199418895816	17.687173883024	332221.605757523	2970.48833666353	22.1366664922508
1009.39470992254	61.6763142175574	12.0735193288101	36478.7366049376	2837.87237038457	12.6731947792229
2519.04145257024	63.5774074539848	11.1220111376078	129816.545153106	3177.87803811274	13.9155532437538
3417.62546924569	62.2085313393047	17.0383244591422	133958.102075815	3001.63833706075	16.1063247205465
1452.45512009508	63.3599528439844	15.9026372628396	46115.3722134744	3005.94665561517	15.0747789728942
1047.65322257556	62.2797019477996	9.05635750026981	45042.8029339413	2961.31743589019	11.307044395755
2107.5229826346	59.4729628207157	12.3001858076651	74321.6265365608	2648.17971614434	13.6364804165211
6157.76318488549	67.5601683716644	12.7892957327988	248910.29051575	3340.74073366101	12.3831259057365
1313.79705588068	61.6923309094352	14.8437265138414	61911.2541341087	2849.29349110371	20.8690740713305
3027.84886421228	60.7483773694333	11.8198892963362	95797.0875342101	2779.88259161905	12.1684128344566
845.837038493756	60.8524554730884	11.3767176280007	33641.0288004095	2971.98973963578	11.693072299496
2163.10684480455	65.0705234972476	16.3746955860442	147348.272131528	3204.65311593664	18.7152570907671
2102.01646993641	59.4668856469264	15.6085452263366	65565.8234923439	2673.03859133278	15.7173504586729
2079.53263853191	63.1287946395045	11.1473044688255	82291.5935219576	3031.31842639712	11.823958707769
1561.90690159838	65.9682924740664	14.2259624895944	93263.5985787763	3417.62539194043	16.45017935876
795.695381344984	58.5883149857152	9.51117795779991	22209.5710147067	2665.06313989746	8.92343690763931
2239.93955569566	67.9473421494959	11.1324071650774	80817.1520499807	3346.58113068297	10.6769595043119
3624.68546802284	61.9184356863141	17.7113089316604	217149.766337758	2942.16125542843	19.3279422207425
3969.71490160676	69.1800836153207	15.9507504625823	255198.706703221	3559.09253132043	18.6521008708522
1000.59140112611	60.9799783872632	10.8387273088329	41996.5173217373	2899.58191644136	11.0334720802932
1577.82087426443	64.2927664509373	14.7141584118946	68209.862079679	3084.47072036602	15.3818374090047
1121.74239402709	67.9642416501454	11.2594478415695	44990.4564801388	3592.7839172942	14.1365463554381
2843.8355124709	68.8669851991403	20.7609892558166	102734.488344795	3526.508549049	18.565685675583
4371.23199759016	67.2752428489669	16.7159294602099	158357.494498787	3327.82798475046	16.9470282773261
1053.91748885238	59.3295630975535	9.16606574630782	32790.8372191305	2701.80835273996	9.64380265434942
3378.8162065234	64.7281367802003	19.5304672655919	125835.636741934	3042.76552524553	17.3494698811477
1175.15121648646	57.8446175609239	11.8612363963485	34230.5968309607	2590.27417976717	12.6667837011611
2730.34636869886	66.1870856102204	14.6220164538717	97441.0663305455	3301.41984567465	11.7962785925533
1511.24569389376	70.8772457599677	17.1632800354858	76245.6749262955	3398.76092777658	20.3459354871869
2299.18692691454	69.4053707427884	15.6172835366334	100192.045488824	3085.83077381201	16.6325768645103
2741.8940372315	67.6849049536418	14.7340834853286	106592.542031273	3352.23027025858	14.9230512679267
2894.27651143717	67.6096990671212	15.5104174484737	99909.4551180995	3330.78023089119	14.9972594419122
1940.37816470712	64.6586719108298	13.6929753178213	78011.6025980839	3305.21851584032	13.8220020142846
2676.79050516066	63.3750034239913	20.3356498877675	142255.936393671	3041.5984153599	24.9373635622339
3552.41434547384	67.060413476664	17.3565336837521	197906.943093355	3415.32926805736	24.0983041350539
1920.93471089592	62.0820761892149	17.6051839597328	69652.0262310612	3071.96787509076	16.0176250557997
2966.99281846756	68.3238692024267	16.918428063347	121032.942431537	3605.88972463012	16.8257319389295
999.079721155952	61.9563705147654	9.48299008026291	39711.7637771663	2980.22454205479	10.2173026998304
1913.49382282822	66.5305674194379	11.6964014288304	63977.8491525852	3412.4943552062	11.7912180284105
2626.62574563973	60.1285694917854	15.1704201014053	85984.7890445483	2789.58729353828	14.2949891943091
1087.77796283325	66.4418127707578	11.1616242157382	48236.7047468027	3472.7369206918	11.6253466708359
3342.41193828546	63.0925049902483	21.3811089486617	219925.205186985	3017.22993214083	26.312353686353
996.093621112094	66.3406487922648	10.7950059747762	40388.5255918907	3146.82423799602	11.8877423854906
1727.55096615467	68.2160411860759	11.798107134527	73453.0763186808	3557.18482876966	12.6135497063822
1518.80619898081	63.7874813767944	17.0531434355541	86311.8607393185	3078.75180093863	18.5665951359426
2531.16834774309	61.620617750057	13.2888853276264	80072.4882557142	2902.14117055861	12.6634997218905
2169.67622085839	58.8265553628863	11.4466966639845	74378.3412062442	2635.2531575534	12.654521427895
842.830324602756	66.8787998635236	10.8650216439212	29494.2141685224	3324.77202077101	9.71720141507247
2124.07443693332	69.8483862870131	16.8572772647287	104450.662831996	3216.8089114239	21.803688072253
1257.82301076144	64.2001723708721	13.3996456840619	41830.1423456103	3183.46423149571	13.1813314358582
1412.3820360437	60.8209338450619	18.3187346276391	47051.3867816794	2924.13007547918	17.3888142744031
2065.06646240276	62.1100278423764	12.6978352516768	87259.0413418444	2933.41695768864	13.505847677576
5799.32097244151	62.9350048387521	12.6321045388844	310647.103761789	3221.65437913446	16.0027783089366
971.358410266967	65.6326560228224	10.6245440841327	30423.684719206	3107.3731992843	10.8836542132218
1072.92358153171	60.132195998105	9.31064312670166	36989.9197521332	2681.34091472164	10.7665961945894
798.394932033479	67.5401745045081	11.2125195667379	33107.4615179246	3613.0926027136	12.3035076366802
1868.5281449557	62.7545607344486	13.9411879611026	62970.9468732215	2932.70638412174	15.6524721884435
1132.77757030386	71.3698931278611	12.3023752225706	35850.0597478219	3525.71690849606	11.2401523527979
2643.82804274479	68.8763069203903	14.2315745845918	112530.090563295	3415.59942654656	15.2020531767851
1319.1891835217	65.3484904414493	13.8233292692914	57755.0881368667	3053.30804540843	16.7921533420301
640.452817150883	65.4556093807519	9.99992134959963	29019.7813923791	3178.93444707455	13.9084816647588
7426.08758003388	66.1818416493551	21.2474911618751	252575.816283372	3216.89855866901	19.9157623034654
4335.27190014643	59.8395370228708	22.136574151196	216990.125104156	2743.98296692642	24.9504696503805
356.100707011347	67.3161137064228	9.92299332237653	9255.11223074038	2954.34053559041	7.7524720840652
1376.49851067078	63.6781928440334	10.0569924720098	66552.6529086279	3150.07123653884	11.9683902250051
4321.48550792666	65.2322190804373	16.1742915311141	202654.846141102	3327.28032129151	16.6826783194925
992.09918322955	66.4083398169617	11.1966025749157	48103.6894287493	3162.90830338144	14.6551182861666
2138.37543390109	63.4629023532437	20.2076375743826	60115.3672794738	2909.42258387653	20.7813956018143
989.408586501041	63.753642162157	14.2618459280524	46506.2722504182	3037.20020966856	20.7981805168574
6053.53455039704	63.062150884925	24.6960431009081	316197.762878284	3187.86906808975	26.785053168446
2080.23974096529	67.4161352579623	10.3352553470061	100647.399385516	3325.10779192059	12.5451273643127
2599.93875500781	63.643326880412	16.4752306429265	157168.034763761	2986.70313420915	19.835283250074
5907.53609485197	63.6145666971277	23.0565185364946	226205.648096706	2985.68750013263	20.9987695283924
4610.4571823506	66.970971552002	17.4127281684197	210329.502638637	3223.18106464278	18.1403227020792
2615.36431161962	66.0507145281912	18.9996415256174	87846.0566872192	3180.13516835364	19.1658712865035
4139.47767436833	70.2851677243645	21.2678380598238	285192.344790257	3243.54186371319	24.1138510658706
2700.60667861451	63.4858713790996	14.1738640235984	105795.970606868	2952.11954325674	12.9165514861934
1170.61654795393	64.0636508057041	8.90430472253944	53600.0843436425	3249.23198306405	11.4972650942206
2157.00646252332	69.2841251749993	16.82426580802	77673.7567333029	3389.93708796064	16.9471569735278
981.362908532689	65.3840283623199	11.2595309085168	44908.779379096	3114.110228147	15.7513432769402
2125.77037758012	64.9032406151931	13.3447704087396	69947.4230413854	3203.5771224024	13.1860835056262
3254.68714791201	64.0206205713394	11.6882274468368	175632.491632952	3308.71976130674	15.4933751156256
1565.37692468148	65.8502629487239	19.1320952899944	39874.0781310879	3170.05272623664	15.597526803679
1287.12280615586	66.5994465432618	11.6682667880235	44796.4230225189	3206.45560026506	10.4527242986631
11629.5781786994	63.7133785114313	24.7335345362873	842717.263139603	3085.44525792299	28.0920356500926
909.098936569321	64.979947495543	8.73963057990484	39423.0825484599	3113.51633615865	9.85324926335877
1334.9868587446	60.7180409188724	9.59577644407095	43784.9171918541	2818.50436225534	9.13571659830581
5131.94529477696	66.5483834878645	14.9412491390737	205458.640823188	3296.20423562328	15.1535744940124
1298.82346453541	61.4251980128355	10.2600323802605	48135.7455329771	2812.16740386603	12.296561395856
2409.97668190437	62.7001238296643	14.839645506137	111006.062857888	3031.12014794363	14.7262073269772
2407.71008551921	68.4950945584125	16.1967074913031	90745.7835258111	3054.65655383699	21.7345316713385
1658.36707971246	60.2774027845812	10.2755812094615	73275.417137748	2743.26619960705	11.943819939636
1497.2757834924	65.7170135302015	13.1808030355709	82544.2862492602	3360.03629711419	17.3859317465943
1417.50411606844	65.0465725849033	12.2367422951397	64848.1268152518	3154.73501487992	16.9011759450065
2219.43037283952	60.8756173820153	10.2763777636363	94542.3725998035	2835.0136412244	12.4837268864453
2264.91443825271	62.6637588634922	12.1057413814332	122471.477347252	2982.77534052065	14.8863485124109
2104.22058706852	61.4512615969942	18.8599012993457	76897.1291880922	2803.07201240344	18.8333094506191
3024.2665156016	62.4841306558133	14.7305875037687	134881.053019848	3111.08421318712	16.6844334186139
2014.45431235336	60.171762977382	10.5382480213453	71780.1795681289	2705.90529343128	12.5801504390748
3619.62942527574	67.2972824345653	15.0554930081799	214088.672094234	3470.10365251392	19.3302672623425
1629.03102789139	65.1936187151377	15.1646321945718	54869.6012556094	3099.80541732573	13.7823561621753
6702.2802110998	62.1505443302899	19.1715566252282	298825.3470322	2986.05148685669	19.8669397815845
2658.38889029028	63.2890784362182	12.9929995723796	82818.3818072225	3090.93322499834	12.0482025460316
2615.96564712123	67.4701709294385	11.1194001629106	118892.873843347	3290.76660396938	13.6404564630368
8866.63632412667	67.7925510343158	20.1983823789413	347295.892196097	3373.17512349588	17.7708493787592
2254.23174757019	66.8176874974083	9.82540264226659	99786.050571028	3254.29263231593	11.6535424930513
874.840505726399	61.9596417187176	9.23601483639247	31280.4922487423	2858.14667385688	10.3052121238486
1940.75690793833	66.6970009961159	16.241338176459	81456.854327113	3571.58809322151	17.543788338997
1978.14318070369	62.1140931067391	13.2907924520731	103216.9492478	2962.05363626959	16.9516635685605
9820.48358618217	68.2540018939833	27.1912528248342	440345.964820562	3599.2620560986	28.0827522637522
1301.99862564583	59.9441691422638	10.4264434603763	55110.671212199	2700.94218111582	12.2801176300544
1065.66858640606	66.835765415513	12.1384519220469	54085.6600289301	3163.2264582398	15.9014876662931
826.562580622916	67.4229619493505	8.36440741405865	26088.606852258	2935.38641548149	9.48760198989308
860.979811222063	61.5889766066163	9.0440741367287	37454.8436133081	2995.27819050014	9.58402187811311
1445.48844477064	65.4225568404824	14.4200386059721	62248.1829275602	3157.04249176296	15.6577871227685
2262.5439386868	67.728487901114	14.4103434692792	114290.731324174	3480.20715217235	14.301769010156
1422.91378273649	70.2829402911712	16.3041644979518	71920.930128002	3215.57443556029	20.7325020147258
3204.98251615851	64.7045988660406	11.459552088641	135970.981584721	3199.39836588776	13.4431774879486
2420.93635079828	70.0797468590419	25.6948281439435	110393.096519236	3398.06580676016	26.2440472525848
564.790142239692	66.6223445792571	16.290855352035	13238.2144578317	2894.95275798429	12.3443480654929
2851.99944323921	62.712477413983	13.1423469154339	143323.040255669	2900.4252576182	14.7526908777529
1234.86897230121	64.9800558928702	13.6793197135771	46597.5726474336	3029.01950797924	14.929555550768
2899.09687252715	66.1840400367346	14.923397073131	130702.327991386	3218.38847823371	18.0436144361987
3279.78207214734	67.0398759260027	14.5779640056187	148900.768656502	3285.23868744746	17.9961880200583
1776.85132836674	64.9221843728819	14.8851261281337	60126.2793372459	3023.26854032584	13.1757726692648
1568.71544954641	63.2791214632541	11.8536410554797	77508.8164917708	3073.08121488607	13.4854001483683
3788.87772782868	60.4489766810443	24.5207672026213	186258.811473332	2870.23222950313	26.7576486820542
2853.29475480194	64.5948560964924	15.5483105930926	167994.215928075	3114.02545044799	19.9489868760524
1574.27648657403	59.5924966796466	10.2395325361969	53147.1213907696	2714.05086382438	12.1932601613607
1390.33762415877	65.4388590179494	13.0241785861216	62294.4890427278	3071.58292126309	14.899969298194
3817.36028737171	65.9731453865342	16.3355545012281	276251.304080648	3251.48339198858	23.1392800711191
1610.74436837291	63.949561537039	13.6290637081029	74016.5955380598	3130.08141474051	16.3184095322152
1939.01588704122	59.9404401861359	19.5821199018223	62937.3495393867	2683.62872212667	19.3084944691829
1416.13803597777	62.2171910160065	12.1014722730845	57935.7705810073	2985.929828555	13.5760384718917
3115.90180665336	66.4435598729124	27.3058016146648	64854.6645026104	3162.7379536751	23.6485926247231
2337.04523620522	64.9594359224115	11.171490325758	98419.6096522553	3109.66914828502	11.7070949460184
2652.63750210992	66.5864820446003	12.9490223660501	118877.03027518	3248.94777407541	14.7519743091479
3069.38433484281	66.7087308279489	11.7376979839932	143709.217357779	3246.3686345702	13.3374594121239
1428.12006124254	65.940600608744	10.8586904804693	64461.5614659218	3396.23716297494	10.6771669047106
14420.0345481187	64.2069489085434	27.9844359682511	693453.632215005	3218.5777573949	27.52299756127
2661.32860566676	62.5331233144288	15.8123935677274	95841.9608181746	3084.84480139388	15.6871690919194
6512.88448854253	63.2982297290271	16.3136518348621	240137.783353093	3040.26066428868	13.6899963962911
22218.3839077052	65.2023382383297	29.4875362387742	1465911.09065302	3241.15970474991	30.6544974010638
1169.76324117484	69.2217539855314	10.194884363419	43814.8177916289	3275.21465566341	12.9132933966899
1137.95205422252	66.1732084691772	10.2166398595639	33993.9422504878	3171.06655933	9.3760379575786
3146.10179066865	62.333565325571	15.4408699072716	118179.886127896	3033.80138435832	15.178398893307
1276.93649508885	65.4688903162585	11.5055527226933	67195.7919766971	3169.15718346897	14.7501469505469
1406.55311955423	64.1286539261569	15.0427553001471	59861.8789012461	3120.68491133581	14.7143851340808
4183.13420386524	62.0564199795633	11.7068336039926	177792.612047689	2913.39718974568	13.1295420686284
2811.36836014867	65.5066396259525	11.6631203523436	147515.003927157	3142.47495190627	14.4881099910507
2307.31763935343	65.8294946408874	20.0966585259971	97274.2042208018	3314.25931578183	17.4567243148637
13473.4402317794	62.9077167174506	16.7359487434635	803622.69788991	3189.84373231909	20.3005549024859
234.542069752598	63.6848325971336	8.95483160961583	8008.89602076184	2728.04719062317	9.36104623035154
2034.44667475915	63.082395982675	12.428551462826	69556.4778701264	2951.3552848187	11.7984112225339
593.630135466937	66.7722825932312	7.29857298409181	15297.7121680118	2858.37403748068	7.03985786215186
3964.10483066932	62.8094311780107	15.4263675291639	241601.321459576	3060.27732263021	18.0929208897829
531.033173081177	60.7419024265698	8.29487085103143	17320.658111162	2849.85234153475	8.52921972063287
4321.94804654451	62.2544586452737	17.0374477384431	152765.755984078	2981.43605257253	18.0037438425281
4259.07903071425	66.8033886029127	17.5845126516872	232523.820022148	3416.35224674423	18.2321356389911
1435.15816661711	67.2247983512592	10.7332805313345	54123.1046460593	3387.62614338692	10.5123207290817
995.304905225994	66.776072555831	11.5953811819479	55664.3342514188	3208.70621478913	15.2467067318727
2202.33235275375	62.6006302872159	14.6026798887388	55193.2487730881	2924.08721658942	10.5963797124545
11740.5376234998	63.2506712157567	20.7346808903646	525880.006616995	3057.53504964096	21.8615251078315
1307.54735667317	63.4761403057283	11.1656975612789	63675.1965272151	3076.1331912569	15.3009392010586
475.294565200289	69.5139497646001	8.14098053781313	14838.1251732483	3204.87808671757	8.58485540562745
1048.08120886837	62.3107094906393	12.8503344968773	48086.1282098671	2929.70215314938	13.8378189983642
1834.14891640286	64.0053916943286	18.0050181019278	59246.12128598	3175.6409954764	17.4257077902233
2255.26894471148	60.4269622875369	16.2268260740207	128699.341161065	2960.88687530277	18.2622086969857
582.577825253154	62.499373520018	9.37700170052139	24141.6843650456	2887.51332861574	11.9874339007124
2982.51281504665	65.8577364249686	11.9995952689439	131402.93735481	3165.67209478666	12.7388866317884
1239.1563932989	63.7442786569773	12.4184479976957	60240.9627222562	3117.81269979866	16.971944922363
3213.01395643988	70.8159684935019	19.0805528697633	172066.321775484	3235.40484668246	23.1011923551737
1797.44245732373	67.2693944350021	10.6147336499863	71252.4267313901	3027.13507941828	14.642881647041
1942.19461482364	69.1023534501632	17.1342550418702	70619.3043217057	3395.83618725637	16.720592275027
1399.79130360156	66.2211000931869	11.4472593866007	58719.3951715477	3206.46541033643	13.308793744539
804.244494486731	62.4552878918783	9.43085482706672	28927.4343885678	2902.41176100631	10.2320984746603
2097.11941033673	68.8855729937976	13.5547643028263	121744.474182628	3426.20385861205	15.7291043169901
1125.03596388648	63.6647391950734	11.1136874115391	44533.0094107367	2994.9700169208	12.1137466930268
1317.00376677679	62.6421127365654	13.0683027764964	50938.9538455576	3163.94590126628	12.7631870625264
4519.69260047919	63.0931024672838	25.091342754358	147074.195804495	3058.8709674009	22.9196916393588
1925.31263698743	63.5427657122665	11.5847726987147	74021.2848814527	3226.49167136664	12.2859484874695
2159.47586742356	69.3145661259015	15.9197585868872	82876.8233416778	3650.31709965801	14.6891436844563
1523.30398332254	66.3440156810137	11.7001422598369	66275.2877249721	3184.65422283792	14.7469183756435
1019.01092158695	72.1783760887969	11.0123394632312	35123.8282427001	3567.74716945799	10.9239127601044
3444.37640823147	65.8701716571315	16.3745018032859	201035.458573406	3269.93069155411	18.8136855872736
5443.48409555345	65.7619698319195	16.3276820173417	312436.435483027	3374.38357844546	18.4001176915138
1067.69938143158	64.2228096291073	11.2354579569435	46432.1673664223	3136.67382798817	17.9855866150743
1842.51028537845	65.825532299833	12.2536688381772	63180.1707844128	3096.8310459906	13.4854002864887
1947.48286530592	67.0913946282247	9.34676921598111	86244.0267968278	3266.45222574924	11.4804442461495
868.022377760506	65.7721393956416	9.94956317691272	41280.984540039	3265.31755369267	12.4215234973108
1020.37642006403	61.6409918652657	11.8999097862052	48658.231028584	2966.37787811609	16.1368153295037
1118.83932364465	57.3397337180215	15.0500933292426	31396.6723838192	2548.31979468487	12.2568149827946
1331.06109382633	63.0017421609093	10.9437430527771	41949.440360382	3006.38001318069	10.8885365813379
3142.6621670059	67.9482506623452	18.5349880800588	144869.696215401	3272.24597082453	23.0588219982927
2879.08101279803	61.1861964231032	21.4040182594703	193314.971374983	3096.55828890449	26.0649234972792
2878.963646008	66.5290935623969	25.56327897112	211158.920049073	3121.81128010015	28.7467928963523
1009.56926684543	64.312281824188	10.4091632067778	32518.144616575	3169.89383735197	10.5032414966661
1370.0414770083	65.6858365464915	12.897969067511	43648.733483718	3177.23987747088	13.0586823431506
1646.68423040609	65.9461345888267	11.3687307341756	54340.5142206411	3119.74413300646	11.0522282241156
1385.70545407443	59.5890813851923	12.4827986561185	63481.2287637643	2827.58956418629	14.9865506032656
8032.94674495344	62.9601951565771	26.6194788926064	273388.039442615	3113.90672990802	24.8042520341234
879.716827616689	62.1755665112942	8.645236608445	36258.5674373438	2988.46335784852	10.1716477917512
1052.44384760657	58.8542590188305	13.9132196232749	47819.3420035504	2727.46725286052	17.7813742506415
1066.55597092345	67.1010844802608	11.6449105836673	59806.791470661	3416.7687089272	14.4711971968889
1272.5416653372	60.2192922861444	9.63869039089119	49939.761994858	2772.73920760499	10.2619251764261
1530.56589579606	68.6611023592715	12.7004461023028	53260.1257475637	3487.22351677166	10.7569412569119
4024.3734616433	63.7675963497949	23.941582965482	235955.17531825	3108.34356138197	26.4491311497746
1458.0811317302	62.6488526035083	9.7578123054944	60795.2823740684	2996.96526084992	12.1891979080634
1561.52385902367	69.1843475971179	9.8950853798948	48242.427657507	3354.0701027194	10.6691131802667
2818.95469837414	61.7042664683813	17.7610993843606	159185.1199585	2946.34681188541	24.2101148458999
1041.28979986172	61.5553667053088	10.0035458043513	34135.5842220264	2968.54149474969	9.58486390329182
64.9565351802673	48.1183005601232	2.86859972585319	1319.22960820105	1975.13797959747	6.03452660981843
457.086490593047	71.4712695800311	8.78568536233737	13033.0159038706	3427.3832300775	7.40332043957711
14948.2180092488	60.7626887244523	24.9969332862244	472161.891623796	2766.74192924218	24.9983888306116
1320.91699440349	66.8135836025923	12.1347417356013	51649.3692983041	3416.24296745752	11.9371877324571
946.596390135945	64.9414356751047	12.8013625271252	50103.1915825317	3132.54525212958	15.6539094228562
1791.27584002617	71.0423826258424	15.8891741144871	59597.0923069049	3458.31772077669	15.6725295074455
2224.13459628263	63.0248340422861	15.2845047788487	80562.2117016259	3079.42661850592	14.675762752881
930.645452226732	59.2332504352673	9.07925279511748	31275.6992584612	2627.54916152507	11.6760731913528
3383.62992756187	66.4317251679975	14.0864979368072	169564.690743002	3389.62743529261	17.0204064670092
969.654407767709	64.4164673571371	8.50702364067209	32547.2422760641	3081.23006752708	10.4163096539987
334.266426562328	65.9760729212958	9.9999939009584	9036.52367552431	2873.50087177051	7.7989519700782
3806.16198484641	64.9392328943877	17.3572368120296	172728.711228083	3315.19961576649	17.4269795081431
3018.36418447976	61.126259195003	15.2537793927002	107049.788916479	2879.32392744099	15.1791452396001
2027.63924339754	64.6031377890375	12.6762849223253	101420.733453005	3150.87688069385	15.2019452698916
2014.23942562597	65.0067836956696	18.2039522127195	97317.8281399305	3208.21579601117	20.1084221823407
5640.64318513249	62.0616128833479	27.0994735446583	147016.857458949	2987.81741653763	22.6305532524056
4530.80282477992	61.4682937997781	25.185350484599	235850.62864739	2808.16877589562	27.4513733864381
1767.10739910951	65.2752933430198	13.01367066696	53267.9964991283	3238.07428110013	12.8502504012967
2271.42359410388	66.3333421317951	10.9880474332361	78105.6093411686	3230.09090951923	10.6868507355909
3385.0669557621	65.4914923954657	10.6894086915274	135752.018806187	3236.90174717914	12.1739074406142
1354.19927741424	62.7445565024949	12.5817942564392	51974.519521562	3072.78453205699	13.0244030083127
2088.39794134248	61.8111291479095	15.5880561736978	69701.6685290119	2880.86015878708	15.6425441587516
1644.866083295	65.1046061219766	13.6198263757262	73369.498950701	3258.81245129499	16.7266663115865
1407.29119482873	62.4701544136856	9.20125946227396	45604.7281786079	2970.41983301664	9.82057756572933
1707.085036587	67.2184158386223	12.9707180403978	65282.49988871	3466.81310024698	12.5175471700881
1248.94506337746	68.3091501464416	11.8396087183863	43612.4760082524	3152.5755325998	13.2828960294041
1175.82068713494	69.1091405664381	9.86076865047777	57121.0571096986	3176.53513161711	12.5262691657716
1271.3615062186	64.2620165200114	11.5092884434885	68934.8071588344	3114.74581496385	14.7753124506127
2338.61814103154	62.7871802356476	12.7279727003501	126655.016680108	3045.33756172056	17.2131973245584
1088.80992551588	70.3201123344453	12.754655409173	39592.0709845836	3369.87790658143	13.2167037607166
499.651117754946	61.2211950919253	9.34284506899201	18435.4926242684	2825.66301814126	11.5263356272847
1479.61373223022	64.793572542559	9.35668022307609	45913.4143153268	3117.1756720056	9.95660292253458
2232.34752538644	66.7809265575668	14.3993080422543	105365.72678434	3219.22641680581	18.5769964437773
1126.45992432395	61.738394759391	10.829909801201	42187.930912195	3000.96940950329	10.7272224367198
5934.91035342893	63.4735421921115	15.5326383376166	329033.904796879	3186.45359442208	19.5609643093095
2005.63024229122	62.7985605442111	16.9892811885382	55966.5354547181	2960.30498242919	14.011288895697
9205.84857994292	66.8425963124227	22.7578290271978	487616.404030368	3301.42790279772	25.8150747057874
913.622821596399	66.6533025719761	11.4004007509845	34748.9242453985	3389.38795313736	12.2284493807351
2082.09064506451	60.1433305204156	16.4018193752485	99531.2525902801	2885.53516202104	18.6735987943313
776.085142461792	71.3709371650649	10.9817371850859	26591.9976534657	3382.77190150787	11.9375306459851
1724.06257211788	59.1164589602621	13.2113833513436	47764.6071672363	2618.87985680996	11.647075407906
1917.85354345692	65.8939037028206	13.8164835423059	106431.388816571	3158.37867635965	18.4234294776484
3700.91508505757	56.9017992160121	22.9357916582665	121973.309705969	2532.62818875653	22.0170626626683
733.719130051508	66.5442795026246	8.51120554370445	23020.4485308315	3091.21762918537	8.28725656245676
1741.45316216967	69.4484993520036	12.3653835283775	84931.3779188816	3438.36727459534	15.4323280487739
3429.80504098359	68.9447126614887	19.542706697007	144254.021463482	3418.00619800925	17.2808021542751
1648.77319343973	66.0831505155104	12.3243210641972	63663.0320986929	3349.92620530215	13.0604269933492
1369.31504328751	66.6977400437124	17.8026132239409	92016.8545065508	3454.42457636769	21.5621666550525
2439.42560407623	65.0303795643188	22.5358214160316	126310.171031309	3084.49219270647	24.7805131636837
2948.96216478918	66.6689155216059	16.3454023334073	98954.0105327519	3375.01443025482	15.7487063918708
3785.83090427746	65.4285995428403	16.5087657934819	145265.244878617	3167.67521887064	17.0359234996594
