time	95%HPD_lower_value	95%HPD_higher_value
2014.62966720276	20.6840096223098	58.7986391208083
2014.64240968187	21.3156614270272	58.32468312978
2014.65515216098	21.9201921120246	57.6800796525552
2014.66789464009	22.4993118350036	57.0655403321236
2014.6806371192	23.0545899209473	56.4790098253466
2014.69337959832	23.5874690792713	55.9186159471998
2014.70612207743	24.0992779185211	55.3826497261451
2014.71886455654	24.5912420006626	54.8695480070547
2014.73160703565	25.064493658181	54.5049205141347
2014.74434951476	25.5200806727314	55.6483728308271
2014.75709199387	25.9589740330788	56.2082528243739
2014.76983447299	26.3820748472218	56.1799310739175
2014.7825769521	26.7902205126355	56.15303308205
2014.79531943121	27.1841902455316	56.1274542579128
2014.80806191032	27.564710057077	56.1030999987919
2014.82080438943	27.9324572106579	56.0798845284664
2014.83354686855	28.2880642476996	56.0577299142005
2014.84628934766	28.6321226222502	56.0365651509918
2014.85903182677	28.9651859782071	56.0163254442736
2014.87177430588	29.2877731267648	55.996951526682
2014.88451678499	29.6003707450624	55.9783890838028
2014.8972592641	29.9034358202142	55.9605882519261
2014.91000174322	30.1973978846053	55.9645136587431
2014.92274422233	30.4826610479244	55.8064084878726
2014.93548670144	30.7596058445077	55.4076792895155
2014.94822918055	31.1354890174563	55.0920407815021
2014.96097165966	31.528949961217	54.9797231182692
2014.97371413878	31.909320939961	54.8552838875777
2014.98645661789	32.2772445482417	54.7369345078178
2014.999199097	32.6333220008415	54.624238690487
2015.01194157611	32.9781164050819	54.5168008686846
2015.02468405522	33.3121557343292	54.4142615050026
2015.03742653434	33.6359355281863	54.3162931341387
2015.05016901345	33.9499213411514	54.2225968404243
2015.06291149256	34.254550980377	54.035446158967
2015.07565397167	34.5502365393126	53.8283851347633
2015.08839645078	34.8373662626608	53.6302650783569
2015.10113892989	35.1163062401273	53.4405190935103
2015.11388140901	35.38740197241	53.2586271936234
2015.12662388812	35.6509797934965	53.1317963897422
2015.13936636723	35.9073481815921	53.0565620616139
2015.15210884634	36.1567989676753	53.3267093626283
2015.16485132545	36.3996084386041	53.2936189615395
2015.17759380457	36.6360383621094	53.2089288778051
2015.19033628368	36.8663369264387	53.0217066243478
2015.20307876279	37.0907396111213	52.8403793177642
2015.2158212419	37.1173995821604	52.6463144574635
2015.22856372101	36.9955616609343	52.4616691833145
2015.24130620013	36.8772106106627	52.2857738000753
2015.25404867924	36.7621988600195	52.1180207073546
2015.26679115835	36.6503870547232	51.9578573492427
2015.27953363746	36.5416434892074	51.8047799927123
2015.29227611657	36.4358435864965	51.6583285404054
2015.30501859568	36.3328694237775	51.5180818881687
2015.3177610748	36.2326092936816	51.4341597050619
2015.33050355391	36.1349573005493	51.557754244786
2015.34324603302	36.0398129876126	51.6762502481622
2015.35598851213	35.9470809905323	51.7899570643049
2015.36873099124	35.8566707204367	51.8991595390341
2015.38147347036	35.7684960681976	52.0041203366306
2015.39421594947	35.6824751311908	52.1050820896164
2015.40695842858	35.5985299582822	52.2022692601669
2015.41970090769	35.5963006036479	52.295889819539
2015.4324433868	35.5985572230345	52.3907283776179
2015.44518586591	35.6007541371967	52.4850958914486
2015.45792834503	35.60289369094	52.5760651086479
2015.47067082414	35.6049781015575	52.6872622476956
2015.48341330325	35.6070094755724	52.8966119880646
2015.49615578236	35.5309638490466	53.0742628808092
2015.50889826147	35.4552540554414	53.2449397271066
2015.52164074059	35.3816245828867	53.3834612365395
2015.5343832197	35.3099908599968	53.2462221322268
2015.54712569881	35.2402728366086	53.1142226554656
2015.55986817792	35.1720719138433	52.9728376464026
2015.57261065703	35.1047494388789	52.8175518035408
2015.58535313615	35.0393441692529	52.6680308868695
2015.59809561526	34.9757753571735	52.5239597427903
2015.61083809437	34.9139667323828	52.3850457800389
2015.62358057348	34.8538461956521	52.2492021005009
2015.63632305259	34.7953455271154	52.040737384206
2015.6490655317	35.1210125024188	51.9005293994626
2015.66180801082	35.610023929974	51.7650080681971
2015.67455048993	36.085154844153	51.6339422655386
2015.68729296904	36.5469879576385	51.5076360108813
2015.70003544815	36.9912462112162	51.4029708858143
2015.71277792726	37.5343399739326	51.3016757964634
2015.72552040638	46.3601093348301	51.2035905752062
2015.73826288549	46.7194119953255	51.1085650335454
2015.7510053646	47.0691195945964	51.0135450176973
2015.76374784371	47.4209303383236	50.7611461702526
2015.77649032282	47.7018662768037	50.7258677621703
2015.78923280194	47.9720522532968	50.694105232097
2015.80197528105	48.2320936798022	50.6383735196789
2015.81471776016	48.482551368116	50.5752646383423
2015.82746023927	48.723945522047	50.5127329151612
2015.84020271838	48.9567593673467	50.4484520769952
2015.85294519749	49.181442379412	50.3861850854834
2015.86568767661	49.4099183443399	50.3299873974784
2015.87843015572	49.7320827671135	50.2760986386657
2015.89117263483	50.0420892665892	50.2238619221957
2015.90391511394	50.1732024331444	50.2769344640923
2015.91665759305	50.0873217326619	50.124049804982
2015.92940007217	49.9048876548956	50.0763377938462
2015.94214255128	49.7292321513211	50.0300039848617
2015.95488503039	49.5907249267132	49.9849895144322
2015.9676275095	49.4672442501938	49.9412388259261
2015.98036998861	49.5179862916944	49.8986994367323
2015.99311246772	49.8346060997388	50.1290005447263
2016.00585494684	49.7537998779789	51.0631478138737
2016.01859742595	49.6751936421932	51.1965564444622
2016.03133990506	49.5986987684768	51.4037782062921
2016.04408238417	49.5230556099684	51.7578045532618
2016.05682486328	49.440639380634	52.0852547870831
2016.0695673424	49.3842658604599	52.4433411000447
2016.08230982151	49.3427214047754	52.7851941325057
2016.09505230062	49.2801771384379	52.992213395106
2016.10779477973	49.2193318406111	53.139483114637
2016.12053725884	49.1601172232588	53.2802751338565
2016.13327973796	49.1024686077333	53.3733627165394
2016.14602221707	49.0463246923006	53.4222974564743
2016.15876469618	48.9889537017263	53.4667663464495
2016.17150717529	48.9433162981657	53.4457732460789
2016.1842496544	48.9251959774652	53.4256964864622
2016.19699213351	48.9025484241475	53.4064773065048
2016.20973461263	48.880491363745	53.3880618736467
2016.22247709174	48.8590020075648	53.3646635483649
2016.23521957085	48.8380587295756	53.3263665324131
2016.24796204996	48.8176409868581	53.3981882868086
2016.26070452907	48.8381550487995	53.5980369901873
2016.27344700819	48.8646271008383	53.774505001485
2016.2861894873	48.8837672331952	53.9131274113952
2016.29893196641	48.8975126942675	54.0119205675347
2016.31167444552	49.1413209454179	197.16289332269
2016.32441692463	49.1444079081291	197.162522817442
2016.33715940375	49.12418307207	197.162145390443
2016.34990188286	49.0999472664736	197.161759404155
2016.36264436197	49.0763210973938	197.161364452031
2016.37538684108	49.0677651146189	197.160960941502
2016.38812932019	49.0670457030928	197.160549035455
2016.4008717993	49.0714314204745	197.160128484363
2016.41361427842	49.0757087979112	197.159699483096
2016.42635675753	49.079881810537	197.159261941357
2016.43909923664	49.0839542421609	197.158815825835
2016.45184171575	49.087929695482	197.158361212398
2016.46458419486	49.0918116023787	197.157898082548
2016.47732667398	50.106960467234	197.15742639802
2016.49006915309	49.9873307472873	197.156946194804
2016.5028116322	49.8704715399424	197.156457450798
2016.51555411131	51.2269896587024	197.155960178909
2016.52829659042	51.2192941677099	197.155454374625
2016.54103906953	51.2200989852062	197.15494005117
2016.55378154865	53.8189971210209	197.154417188333
2016.56652402776	53.8324158630992	197.153885786166
2016.57926650687	53.8933057784795	197.15334586337
2016.59200898598	53.8643797418868	194.377174213845
2016.60475146509	53.8299307580743	191.621276949021
2016.61749394421	53.7067563899777	189.179273040481
2016.63023642332	53.5866816868186	185.789856150711
2016.64297890243	54.0857608676481	180.992963540132
2016.65572138154	53.9499704478867	176.795162331215
2016.66846386065	53.7989996543408	173.09080927384
2016.68120633977	53.6518206118032	169.797720243903
2016.69394881888	53.5082922517004	161.581303231761
2016.70669129799	53.3680917293707	152.901895071619
2016.7194337771	53.2223698490967	145.222152712023
2016.73217625621	53.0654287526038	138.378773068423
2016.74491873532	52.7808876075372	131.899019502449
2016.75766121444	53.9618312540566	125.69771817477
2016.77040369355	53.7662396281893	119.413570989417
2016.78314617266	53.575170277488	116.365423536271
2016.79588865177	53.3711459709948	116.365243231898
2016.80863113088	53.1415963447193	116.365061044803
2016.82137361	52.9191312671232	116.364876975718
2016.83411608911	52.7034277527978	116.364691050113
2016.84685856822	52.4942549229145	116.364503214559
2016.85960104733	52.2920145909204	116.364313518442
2016.87234352644	52.0893296720003	116.364121925003
2016.88508600556	51.8215672402447	116.363928460952
2016.89782848467	51.5609430042158	116.363733112987
2016.91057096378	51.3048981309258	116.363535882463
2016.92331344289	51.0346100550008	116.363336764757
2016.936055922	50.7535022281728	116.363135769437
2016.94879840111	50.4734550883782	116.362932898806
2016.96154088023	50.2003002576811	116.362728144952
2016.97428335934	49.9350100718306	115.528283408491
2016.98702583845	49.677249688681	114.554537274997
2016.99976831756	49.4267030166146	113.676917265728
2017.01251079667	49.1830714043881	112.881856267175
2017.02525327579	48.9460724663277	112.158225933194
2017.0379957549	48.7154389840903	111.496811921625
2017.05073823401	48.4909179039094	110.889919324154
2017.06348071312	48.2722694099642	110.331071709584
2017.07622319223	48.0592660678476	109.242511772894
2017.08896567134	47.8516920399611	107.666680295167
2017.10170815046	47.6478873159955	106.235325302269
2017.11445062957	47.4259275114736	104.92944719962
2017.12719310868	47.2095100840335	103.733237820085
2017.13993558779	46.9984300056229	102.633437359058
2017.1526780669	46.7924922303659	101.61884083161
2017.16542054602	46.5915111045236	100.679914829517
2017.17816302513	46.3953098018286	99.8084970648419
2017.19090550424	46.2049972158979	98.997558398106
2017.20364798335	46.0205208153601	98.2410128018873
2017.21639046246	45.8595235185775	97.533564313296
2017.22913294158	45.7152530355737	96.8705828572901
2017.24187542069	45.5743279675076	93.7802665857129
2017.2546178998	45.4343901801169	90.3889777395239
2017.26736037891	45.3070725145612	87.2791079411856
2017.28010285802	45.1964047744243	84.4170230083022
2017.29284533713	45.0882682421675	81.7742433686893
2017.30558781625	44.980153147904	79.3264928357035
2017.31833029536	44.9247925159884	77.0529509616128
2017.33107277447	44.922232473493	74.935658847907
2017.34381525358	44.9433448268694	72.9590441630978
2017.35655773269	44.8696056462097	71.109537337341
2017.36930021181	44.7976386836635	69.3502614100964
2017.38204269092	44.7266800306548	67.5260765679253
2017.39478517003	44.6570419102395	65.526200170589
2017.40752764914	44.5932270535771	63.3950375970685
2017.42027012825	44.5317965974693	61.4338179674114
2017.43301260737	44.4717395415911	59.622993328001
2017.44575508648	44.4130646571864	58.5589964176286
2017.45849756559	44.3557247630367	59.6657247071328
2017.4712400447	44.2996527593276	60.8099541767622
2017.48398252381	44.5484188952103	61.8977544861611
2017.49672500292	44.4988729847138	62.9331995236663
2017.50946748204	44.447013731772	63.9153453326639
2017.52220996115	44.3963284379812	64.7958384895198
2017.53495244026	44.3467776681282	65.6345962019895
2017.54769491937	44.2983237403942	66.4345171563324
2017.56043739848	44.2305342121446	67.1982375130003
2017.5731798776	44.151407533189	67.8834172084142
2017.58592235671	44.0739767363224	68.4370500483101
2017.59866483582	43.9885038297864	68.9379162667559
2017.61140731493	43.532587870812	69.4913723504594
2017.62414979404	42.6936287783021	70.1986407439967
2017.63689227315	41.8985467482239	69.8507494110484
2017.64963475227	41.1439874594773	69.4507717151999
2017.66237723138	40.4269298998783	69.0705816066158
2017.67511971049	39.7446460876814	68.6798367646355
2017.6878621896	39.0946663645591	68.311502741119
2017.70060466871	38.4698109030272	67.9652595350697
2017.71334714783	37.8553658961893	67.6358007824063
2017.72608962694	37.270655614452	67.3361097657103
2017.73883210605	36.7135726539889	67.0648076267253
2017.75157458516	36.2034889985268	66.8062096504658
2017.76431706427	35.9112067515907	66.559443893008
2017.77705954339	35.9506838711223	66.3237164823649
2017.7898020225	36.0518759572626	66.0983029569113
2017.80254450161	36.1066482586935	65.8825409231798
2017.81528698072	36.1584239120984	65.6184398578042
2017.82802945983	37.1226792990455	65.1748436033943
2017.84077193894	38.269590221811	64.7497245309227
2017.85351441806	39.3549047761059	64.3419517155332
2017.86625689717	40.3834553915022	63.9590500335806
2017.87899937628	41.3595818550473	63.6151685852248
2017.89174185539	41.69730172372	63.246500075948
2017.9044843345	41.5650601398958	62.9104462354868
2017.91722681362	41.4755738954321	62.5884827557644
2017.92996929273	41.4031978680287	62.2797416338385
2017.94271177184	41.3351243919102	61.9956626357056
2017.95545425095	41.2684320639908	61.7363813536336
2017.96819673006	41.2030792706731	61.4880214990189
2017.98093920918	41.7250818236341	61.2288505212181
2017.99368168829	41.5739811700243	60.9702919158604
2018.0064241674	41.4006292808457	582.628239566696
2018.01916664651	40.5057275472102	582.631430463352
2018.03190912562	40.3970991731287	582.634585821085
2018.04465160473	40.4893032700117	582.637732097346
2018.05739408385	41.0658452919655	582.640860645345
2018.07013656296	40.943425394441	582.643971885075
2018.08287904207	40.8234577881995	536.488432305063
2018.09562152118	40.7296164623174	431.537892951054
2018.10836400029	40.6474203623329	357.91726448393
2018.12110647941	40.5740465876768	304.497869699343
2018.13384895852	41.6902671295991	267.288517559281
2018.14659143763	41.608942624952	239.882835616782
2018.15933391674	42.5324225030201	218.857319058466
2018.17207639585	42.494373791056	3749.60401775702
2018.18481887496	42.4570912303821	1580.05070422063
2018.19756135408	42.3488498057263	1035.68039600962
2018.21030383319	42.2490363790719	787.976008378265
2018.2230463123	42.827150579867	646.356523460847
2018.23578879141	42.7127852076226	554.691548529618
2018.24853127052	42.5808684970805	476.924223329739
2018.26127374964	43.0528067544307	415.063014491501
2018.27401622875	42.8879665845186	370.512743825381
2018.28675870786	43.4686127728366	1529.18208647231
2018.29950118697	43.2996000492612	1529.20777560999
2018.31224366608	43.1294024349518	1529.23311829747
2018.3249861452	42.9430549433794	1025.79170406876
2018.33772862431	42.1308999285377	731.522790987923
2018.35047110342	41.9466451417643	568.736727946355
2018.36321358253	1.92162222222356	465.403333348518
2018.37595606164	1.92167166598465	393.981889482063
2018.38869854075	1.92167812156647	341.666905317297
2018.40144101987	1.92167912817979	301.695955563906
2018.41418349898	1.92167982914313	270.161115644359
2018.42692597809	1.92168032893477	244.64658288714
2018.4396684572	1.92168050156192	223.578579321957
2018.45241093631	1.9216796742644	213.138854269649
2018.46515341543	1.92168035038687	205.940477102516
2018.47789589454	1.92168010782594	197.687709442871
2018.49063837365	1.9216805206952	189.787270792899
2018.50338085276	1.92168031394879	196.275079255298
2018.51612333187	1.2820157004072	1062.0220876036
2018.52886581099	1.28207786909517	1062.03031598283
2018.5416082901	1.28207929405062	1062.03847822083
2018.55435076921	1.28207945824816	1062.04657473072
2018.56709324832	1.28208121219891	769.390846140407
2018.57983572743	1.28208312062495	594.196892765364
2018.59257820654	1.28208312011805	484.292055516322
2018.60532068566	0.640709970720496	398.144305265718
2018.61806316477	0.640724213957003	331.355178110551
2018.63080564388	0.640719229364473	300.041034137009
2018.64354812299	0.64071577518253	323.295159438235
2018.6562906021	0.302645429016024	248.317300343513
2018.66903308122	0.302789818944046	253.78613490583
2018.68177556033	0.302823237461975	256.992987448576
2018.69451803944	0.302815467188407	250.49892098354
2018.70726051855	0.302825654734938	373.981569053027
2018.72000299766	0.302824087798011	236.623856188714
2018.73274547677	0.302824900970867	230.644008916682
2018.74548795589	0.302825297694542	225.231141160579
2018.758230435	0.302824562885518	255.403615257285
2018.77097291411	0.302825214414723	248.739138359654
2018.78371539322	0.302825297728651	248.740155079208
2018.79645787233	0.302825090797534	389.164291106619
2018.80920035145	0.30282600641522	343.953728029187
2018.82194283056	0.302825162938002	356.985402915713
2018.83468530967	0.179381662288277	380.494521354006
2018.84742778878	0.180786494867422	465.379475449263
2018.86017026789	0.180835026361933	436.854313957359
2018.87291274701	0.180862055196862	570.201760190652
2018.88565522612	0.180850904445949	678.91851807603
2018.89839770523	0.180863387331515	896.85991127689
2018.91114018434	0.180858889226508	1028.7389124583
2018.92388266345	0.180858789981598	962.794726237222
2018.93662514256	0.180860256861606	1013.20720651949
2018.94936762168	0.180857301163232	992.294980531371
2018.96211010079	0.180858490119124	1057.85198160373
2018.9748525799	0.52196494084292	1310.00440525686
2018.98759505901	2.58291956453728	1871.00525559348
2019.00033753812	1082.9095017683	4441.46468339085
2019.01308001724	382.671006422825	678.201301139061
2019.02582249635	231.352944082901	384.47013642168
2019.03856497546	162.969934435108	265.382518367191
2019.05130745457	129.068258645801	205.778233741295
2019.06404993368	106.443681670733	167.88460607154
2019.07679241279	90.7933920358783	142.957321477694
2019.08953489191	77.0878009485009	120.866467487358
2019.10227737102	69.9116420202574	106.682290000429
2019.11501985013	63.1509321969553	95.5756074919183
2019.12776232924	58.0390258243172	87.0517741374071
2019.14050480835	53.9442889759752	79.9996259597415
2019.15324728747	50.3632998131967	73.6321523170154
2019.16598976658	47.4608827675941	68.8608699763126
2019.17873224569	44.9140461274555	63.7913003767154
2019.1914747248	42.6612677740091	60.1927581202448
2019.20421720391	40.4409828300729	57.0659056235359
2019.21695968303	39.0442703481362	54.6322681140694
2019.22970216214	37.8104542579999	52.40822189486
2019.24244464125	37.3225804642664	51.5300225100865
2019.25518712036	36.1732201326603	49.927284171433
2019.26792959947	35.9752053556541	49.334493195075
2019.28067207858	35.3883147197108	48.3587634403534
2019.2934145577	34.8928726852469	47.5669019403345
2019.30615703681	34.649183987594	47.0240346498931
2019.31889951592	34.5308816381373	46.8047645577797
2019.33164199503	34.8355058752371	46.916329876667
2019.34438447414	34.110048604448	46.2475650886264
2019.35712695326	33.9170288140682	45.9848127604566
2019.36986943237	33.8134698218196	45.6052674940831
2019.38261191148	34.3534466725455	46.0835691888787
2019.39535439059	34.1660687158888	46.3277245385501
2019.4080968697	34.575093454427	46.8024922833779
2019.42083934882	35.025583639686	47.1307399193992
2019.43358182793	35.234813616014	47.4368147002197
2019.44632430704	36.0289201976062	48.7413526681554
2019.45906678615	35.7050107089664	48.6585035065087
2019.47180926526	36.1369514633483	48.9659241135294
2019.48455174437	36.346699346311	49.4469767864027
2019.49729422349	37.1087442085541	50.5275008289036
2019.5100367026	37.6396617996476	51.0475054726407
2019.52277918171	37.9998312618047	51.4589288184292
2019.53552166082	38.7827095486225	52.1431334516088
2019.54826413993	38.8242506282221	51.9797395235581
2019.56100661905	39.4928822788584	52.6783774438791
2019.57374909816	39.7258310920432	53.0201268289618
2019.58649157727	40.185674525958	53.6621714936933
2019.59923405638	41.1409866510583	54.4357517115173
2019.61197653549	42.0254596494483	55.16925212981
2019.62471901461	42.9380061559556	56.0540339627172
2019.63746149372	44.2136095134444	57.3660112468032
2019.65020397283	45.2049745077673	58.2075771514597
2019.66294645194	47.4023560568961	60.2708424953787
2019.67568893105	49.0035185162145	61.4807730613336
2019.68843141016	49.1520186154019	61.6536667898781
2019.70117388928	49.4610313288769	61.8523590443524
2019.71391636839	50.504553999306	62.3715370298436
2019.7266588475	50.8986882575659	62.700830371274
2019.73940132661	51.4495489669063	63.2486528555985
2019.75214380572	51.8553468256422	63.7780393172725
2019.76488628484	52.5118751313488	64.3290609703545
2019.77762876395	52.7591235305657	64.5643532901116
2019.79037124306	52.8515324634013	64.6532047867839
2019.80311372217	52.9792240145153	64.753529647644
2019.81585620128	53.2216389129062	64.9327953975914
2019.82859868039	53.2956070592998	64.9279482821581
2019.84134115951	53.458871635743	65.1500639262745
2019.85408363862	53.5881944501368	65.3248473679686
2019.86682611773	53.6919730265758	65.4131251205892
2019.87956859684	53.7892510998666	65.5697933975337
2019.89231107595	53.6670844999563	65.5852727264283
2019.90505355507	53.8058158637233	65.6442735005963
2019.91779603418	53.9991465467905	66.0218852857459
2019.93053851329	53.9231488481679	66.0227815492991
2019.9432809924	54.6510029983766	66.7343613149496
2019.95602347151	55.4549472251943	67.2389356253198
2019.96876595063	57.4767014287931	68.9442695066442
2019.98150842974	59.1088476588687	70.2921900434
2019.99425090885	59.1029721246003	70.3242538591892
2020.00699338796	59.1028910020401	70.3241425924865
2020.01973586707	59.1028910020401	70.3241425924865
2020.03247834618	59.1028910020401	70.3241425924865
2020.0452208253	59.1028910020401	70.3241425924865
2020.05796330441	59.1028910020401	70.3241425924865
2020.07070578352	59.1028910020401	70.3241425924865
2020.08344826263	59.1028910020401	70.3241425924865
2020.09619074174	59.1028910020401	70.3241425924865
2020.10893322086	59.1028910020401	70.3241425924865
2020.12167569997	59.1028910020401	70.3241425924865
2020.13441817908	59.1028910020401	70.3241425924865
2020.14716065819	59.1028910020401	70.3241425924865
2020.1599031373	59.1028910020401	70.3241425924865
2020.17264561641	59.1028910020401	70.3241425924865
2020.18538809553	59.1028910020401	70.3241425924865
2020.19813057464	59.1028910020401	70.3241425924865
2020.21087305375	59.1028910020401	70.3241425924865
2020.22361553286	59.1028910020401	70.3241425924865
2020.23635801197	59.1028910020401	70.3241425924865
2020.24910049109	59.1028910020401	70.3241425924865
2020.2618429702	59.1028910020401	70.3241425924865
2020.27458544931	59.1028910020401	70.3241425924865
2020.28732792842	59.1028910020401	70.3241425924865
2020.30007040753	59.1028910020401	70.3241425924865
2020.31281288665	59.1028910020401	70.3241425924865
2020.32555536576	59.1028910020401	70.3241425924865
2020.33829784487	59.1028910020401	70.3241425924865
2020.35104032398	59.1028910020401	70.3241425924865
2020.36378280309	59.1028910020401	70.3241425924865
2020.3765252822	59.1028910020401	70.3241425924865
2020.38926776132	59.1028910020401	70.3241425924865
2020.40201024043	59.1028910020401	70.3241425924865
2020.41475271954	59.1028910020401	70.3241425924865
2020.42749519865	59.1028910020401	70.3241425924865
2020.44023767776	59.1028910020401	70.3241425924865
2020.45298015688	59.1028910020401	70.3241425924865
2020.46572263599	59.1028910020401	70.3241425924865
2020.4784651151	59.1028910020401	70.3241425924865
2020.49120759421	59.1028910020401	70.3241425924865
2020.50395007332	59.1028910020401	70.3241425924865
2020.51669255244	59.1028910020401	70.3241425924865
2020.52943503155	59.1028910020401	70.3241425924865
2020.54217751066	59.1028910020401	70.3241425924865
2020.55491998977	59.1028910020401	70.3241425924865
2020.56766246888	59.1028910020401	70.3241425924865
2020.58040494799	59.1028910020401	70.3241425924865
2020.59314742711	59.1028910020401	70.3241425924865
2020.60588990622	59.1028910020401	70.3241425924865
2020.61863238533	59.1028910020401	70.3241425924865
2020.63137486444	59.1028910020401	70.3241425924865
2020.64411734355	59.1028910020401	70.3241425924865
2020.65685982267	59.1028910020401	70.3241425924865
2020.66960230178	59.1028910020401	70.3241425924865
2020.68234478089	59.1028910020401	70.3241425924865
2020.69508726	59.1028910020401	70.3241425924865
2020.70782973911	59.1028910020401	70.3241425924865
2020.72057221823	59.1028910020401	70.3241425924865
2020.73331469734	59.1028910020401	70.3275116477461
2020.74605717645	59.1028910020401	70.3366382134309
2020.75879965556	59.1028910020401	70.3457672092565
2020.77154213467	59.1028910020401	70.3548986362259
2020.78428461378	59.0541685337898	70.3640324948363
2020.7970270929	59.0541685337898	70.3731687864884
2020.80976957201	58.9534124113815	70.3823075120977
2020.82251205112	58.9612082283123	70.3914486726607
2020.83525453023	58.9690061643146	70.4005922688715
2020.84799700934	58.9768062202726	70.4097383018786
2020.86073948846	59.1028910020401	70.4562981447649
2020.87348196757	59.0541685337898	70.3627147195243
2020.88622444668	59.1028910020401	70.372271829494
2020.89896692579	59.3207489280846	70.3818315775898
2020.9117094049	59.3324308720738	70.3913939662889
2020.92445188401	59.3448823677981	70.4009589953163
2020.93719436313	59.542870525023	70.4865526809314
2020.94993684224	58.8266130757814	69.5385225446508
2020.96267932135	59.0273609456701	69.5260392569559
2020.97542180046	58.5565444070609	69.0579793000592
2020.98816427957	56.7038016769725	67.7604579328636
